0.00408967
0.00408696
0.00408463
0.00408268
0.00408112
0.00407988
0.00407889
0.00407813
0.00407757
0.00407748
0.00407817
0.00407992
0.00408268
0.00408586
0.00408869
0.00409060
0.00409199
0.00409404
0.00409823
0.00410499
0.00411309
0.00411972
0.00412210
0.00411903
0.00411188
0.00410424
0.00410008
0.00410213
0.00411110
0.00412600
0.00414502
0.00416637
0.00418848
0.00421012
0.00423034
0.00424881
0.00426580
0.00428130
0.00429394
0.00430077
0.00429814
0.00428401
0.00425945
0.00422879
0.00419805
0.00417299
0.00415772
0.00415491
0.00416626
0.00419229
0.00423056
0.00427532
0.00431854
0.00435361
0.00437825
0.00439514
0.00440884
0.00442234
0.00443493
0.00444526
0.00445531
0.00447309
0.00450987
0.00457484
0.00466991
0.00478907
0.00491897
0.00504058
0.00512725
0.00514560
0.00506099
0.00485414
0.00454038
0.00417885
0.00385960
0.00367152
0.00366549
0.00383736
0.00413910
0.00451335
0.00492354
0.00535924
0.00580997
0.00623283
0.00653964
0.00662354
0.00640861
0.00589539
0.00517028
0.00437436
0.00365229
0.00311573
0.00283521
0.00285354
0.00319032
0.00382592
0.00466881
0.00554113
0.00620577
0.00644330
0.00613753
0.00533105
0.00421147
0.00304271
0.00207745
0.00149535
0.00138345
0.00175251
0.00255758
0.00370484
0.00504656
0.00638974
0.00752733
0.00829126
0.00859515
0.00844996
0.00794249
0.00719979
0.00635180
0.00551899
0.00480365
0.00428001
0.00396688
0.00381292
0.00370940
0.00354982
0.00330637
0.00309042
0.00314042
0.00373371
0.00504525
0.00703414
0.00940916
0.01170458
0.01342916
0.01422999
0.01399969
0.01289512
0.01126850
0.00956146
0.00819776
0.00750661
0.00766359
0.00865553
0.01025744
0.01205171
0.01350185
0.01409814
0.01352206
0.01176618
0.00913006
0.00610574
0.00319643
0.00078676
-0.00088272
-0.00163074
-0.00125421
0.00045320
0.00353520
0.00767260
0.01209469
0.01574176
0.01762908
0.01726552
0.01486771
0.01125624
0.00746812
0.00433261
0.00222225
0.00109721
0.00073030
0.00093938
0.00164961
0.00279695
0.00418060
0.00544406
0.00620532
0.00626420
0.00571555
0.00491632
0.00431735
0.00429889
0.00507954
0.00673469
0.00922446
0.01238793
0.01588693
0.01922000
0.02183842
0.02335288
0.02368524
0.02307918
0.02192453
0.02054251
0.01905647
0.01745821
0.01577005
0.01416261
0.01288686
0.01209837
0.01171097
0.01143621
0.01099182
0.01035155
0.00980668
0.00978646
0.01051850
0.01181740
0.01314042
0.01391440
0.01389354
0.01333498
0.01284806
0.01303725
0.01413989
0.01590972
0.01775300
0.01903660
0.01933624
0.01856021
0.01688901
0.01463873
0.01210199
0.00948031
0.00687314
0.00434363
0.00197347
-0.00007143
-0.00154977
-0.00220498
-0.00188890
-0.00063290
0.00135147
0.00377371
0.00636696
0.00897538
0.01154199
0.01406454
0.01653609
0.01895638
0.02132359
0.02359550
0.02555249
0.02673979
0.02656150
0.02460935
0.02101657
0.01663303
0.01277264
0.01062113
0.01059271
0.01211225
0.01395331
0.01499576
0.01485763
0.01407998
0.01372328
0.01472036
0.01736737
0.02128666
0.02570888
0.02982479
0.03290255
0.03428424
0.03341043
0.03006345
0.02465676
0.01833111
0.01258093
0.00857561
0.00653375
0.00567446
0.00475812
0.00289573
-0.00000236
-0.00336301
-0.00655449
-0.00937065
-0.01202782
-0.01460962
-0.01652388
-0.01646067
-0.01308467
-0.00595407
0.00393031
0.01441832
0.02312809
0.02847800
0.03017746
0.02905982
0.02649402
0.02391465
0.02260345
0.02361341
0.02748058
0.03379913
0.04092076
0.04627072
0.04731836
0.04284084
0.03364933
0.02230348
0.01186521
0.00452295
0.00085694
0.00012377
0.00114840
0.00319464
0.00618997
0.01039045
0.01584879
0.02226277
0.02917451
0.03624518
0.04318090
0.04941521
0.05388532
0.05539294
0.05344270
0.04908111
0.04485613
0.04365688
0.04685168
0.05302357
0.05823779
0.05799798
0.04979108
0.03474148
0.01718507
0.00237853
-0.00636206
-0.00922197
-0.00925039
-0.00995557
-0.01282397
-0.01634972
-0.01725872
-0.01297673
-0.00367564
0.00761860
0.01679649
0.02109779
0.02043618
0.01692838
0.01314137
0.01057320
0.00942474
0.00969736
0.01230131
0.01900074
0.03089164
0.04670584
0.06239310
0.07277085
0.07421857
0.06668241
0.05347311
0.03912377
0.02686626
0.01772233
0.01159886
0.00925260
0.01305762
0.02570118
0.04753517
0.07477257
0.10010540
0.11586110
0.11753180
0.10569130
0.08504185
0.06177510
0.04115181
0.02671432
0.02079494
0.02506882
0.03988351
0.06277034
0.08756879
0.10580220
0.11007810
0.09780726
0.07261888
0.04254390
0.01584969
-0.00283420
-0.01391377
-0.02107988
-0.02805346
-0.03603846
-0.04347695
-0.04768714
-0.04700726
-0.04179174
-0.03391039
-0.02527702
-0.01672136
-0.00782414
0.00223646
0.01369106
0.02556007
0.03579196
0.04184139
0.04156620
0.03403667
0.02012182
0.00249935
-0.01493132
-0.02828464
-0.03502132
-0.03485796
-0.02960553
-0.02214344
-0.01503297
-0.00967055
-0.00618974
-0.00404676
-0.00262605
-0.00153098
-0.00036449
0.00147787
0.00473413
0.00974559
0.01602740
0.02223300
0.02676828
0.02859171
0.02786857
0.02595551
0.02484680
0.02631448
0.03133064
0.03982642
0.05084236
0.06273194
0.07350376
0.08116152
0.08414035
0.08163591
0.07384482
0.06188291
0.04754808
0.03292905
0.02019566
0.01138412
0.00815215
0.01124967
0.02005429
0.03234784
0.04474217
0.05360861
0.05630599
0.05201661
0.04188941
0.02836796
0.01427294
0.00198100
-0.00692769
-0.01174596
-0.01247604
-0.00976540
-0.00480217
0.00080152
0.00541539
0.00783882
0.00767081
0.00527420
0.00156587
-0.00232517
-0.00525487
-0.00627182
-0.00475187
-0.00069544
0.00504796
0.01071799
0.01413407
0.01350333
0.00831148
-0.00029292
-0.00968192
-0.01660017
-0.01825829
-0.01340167
-0.00277211
0.01105620
0.02459359
0.03463911
0.03950519
0.03956802
0.03697971
0.03454143
0.03449700
0.03771459
0.04367896
0.05095727
0.05785011
0.06273659
0.06429651
0.06172483
0.05529934
0.04680956
0.03939143
0.03630241
0.03930364
0.04749992
0.05767584
0.06592127
0.06971839
0.06893787
0.06520523
0.06009890
0.05378188
0.04499535
0.03246048
0.01632186
-0.00138679
-0.01774617
-0.03044085
-0.03870414
-0.04303388
-0.04441938
-0.04396710
-0.04339415
-0.04539405
-0.05288012
-0.06672826
-0.08355250
-0.09543049
-0.09295663
-0.07038442
-0.02994723
0.01792605
0.05903775
0.08226495
0.08460163
0.07163723
0.05337488
0.03846491
0.03038211
0.02766727
0.02707840
0.02700031
0.02850239
0.03390593
0.04428513
0.05813803
0.07202608
0.08262545
0.08841680
0.08997278
0.08879353
0.08600039
0.08177342
0.07588213
0.06849421
0.06064065
0.05380958
0.04913217
0.04667492
0.04546365
0.04401519
0.04106862
0.03595030
0.02867698
0.01976016
0.01001791
0.00033261
-0.00847087
-0.01580166
-0.02140428
-0.02550669
-0.02876949
-0.03220180
-0.03693331
-0.04399368
-0.05393674
-0.06656738
-0.08083968
-0.09520022
-0.10807250
-0.11836630
-0.12568240
-0.13017250
-0.13221570
-0.13215670
-0.13038430
-0.12754070
-0.12445290
-0.12174200
-0.11928640
-0.11605520
-0.11058090
-0.10194360
-0.09080651
-0.07967733
-0.07212069
-0.07126179
-0.07831148
-0.09202626
-0.10916110
-0.12575860
-0.13855190
-0.14601020
-0.14847140
-0.14779010
-0.14644640
-0.14672390
-0.14999130
-0.15642950
-0.16511160
-0.17453840
-0.18325200
-0.19049610
-0.19631260
-0.20143520
-0.20670140
-0.21243590
-0.21805840
-0.22219170
-0.22313290
-0.21969780
-0.21195860
-0.20176070
-0.19234930
-0.18732270
-0.18918090
-0.19841390
-0.21343100
-0.23154810
-0.25036960
-0.26876220
-0.28673800
-0.30438610
-0.32081050
-0.33399120
-0.34163430
-0.34259550
-0.33776360
-0.32996290
-0.32258300
-0.31818900
-0.31761790
-0.32041500
-0.32561930
-0.33259820
-0.34124970
-0.35172750
-0.36388880
-0.37704920
-0.38984160
-0.40045200
-0.40672770
-0.40660800
-0.39882750
-0.38391780
-0.36480640
-0.34657130
-0.33487270
-0.33395710
-0.34488350
-0.36523480
-0.39044080
-0.41591280
-0.43866200
-0.45748370
-0.47183650
-0.48028520
-0.47991050
-0.46708210
-0.43950350
-0.39821710
-0.34837320
-0.29837550
-0.25763670
-0.23403640
-0.23188570
-0.25103340
-0.28703050
-0.33237200
-0.37830550
-0.41685420
-0.44261050
-0.45361970
-0.45086830
-0.43689760
-0.41415340
-0.38441370
-0.34941020
-0.31209160
-0.27713650
-0.24980370
-0.23331180
-0.22654210
-0.22394230
-0.21836620
-0.20501650
-0.18422200
-0.16077320
-0.14064160
-0.12692410
-0.11849180
-0.11189380
-0.10508330
-0.09942331
-0.09821056
-0.10239640
-0.10714280
-0.10230950
-0.07754868
-0.02904401
0.03664960
0.10471030
0.15896110
0.18964170
0.19714610
0.19016850
0.17984330
0.17391560
0.17414740
0.17774720
0.18061060
0.18008840
0.17554670
0.16750770
0.15660130
0.14351290
0.12941380
0.11637670
0.10678580
0.10223460
0.10255500
0.10597360
0.11024440
0.11410850
0.11793060
0.12344770
0.13252270
0.14595390
0.16279100
0.18074140
0.19726250
0.21099000
0.22254370
0.23435420
0.24939620
0.26962070
0.29471990
0.32240150
0.34961230
0.37422350
0.39566110
0.41444960
0.43097110
0.44469750
0.45447690
0.45987150
0.46214370
0.46406980
0.46852460
0.47693910
0.48877890
0.50247510
0.51670170
0.53110360
0.54576890
0.56033350
0.57352010
0.58410050
0.59190210
0.59790300
0.60246090
0.60298860
0.59312390
0.56500970
0.51382510
0.44205610
0.36042420
0.28418560
0.22664580
0.19350290
0.18150610
0.18176810
0.18516320
0.18660930
0.18551660
0.18307540
0.17883090
0.16941360
0.15022630
0.11876660
0.07690369
0.03069995
-0.01226598
-0.04615443
-0.06887866
-0.08180113
-0.08793509
-0.08994023
-0.08925654
-0.08635979
-0.08175923
-0.07684199
-0.07423748
-0.07737242
-0.08957201
-0.11282830
-0.14684680
-0.18852690
-0.23256200
-0.27270140
-0.30357880
-0.32165640
-0.32555500
-0.31564320
-0.29407250
-0.26529150
-0.23665170
-0.21738540
-0.21581620
-0.23512700
-0.27096120
-0.31252840
-0.34790410
-0.37019450
-0.38075380
-0.38692660
-0.39612920
-0.41047320
-0.42624480
-0.43854860
-0.44692540
-0.45673240
-0.47404460
-0.49746320
-0.51404140
-0.50363970
-0.45096060
-0.35713220
-0.24280380
-0.13903020
-0.07136692
-0.04700363
-0.05341273
-0.06849367
-0.07506831
-0.06964336
-0.06048557
-0.05749440
-0.06232699
-0.06584737
-0.05440211
-0.01944838
0.03630971
0.10036240
0.15732980
0.19645660
0.21475310
0.21535360
0.20347860
0.18376100
0.16010480
0.13681670
0.11880080
0.11006840
0.11170780
0.12129360
0.13443860
0.14783990
0.16118890
0.17699720
0.19816960
0.22555560
0.25692810
0.28802610
0.31457440
0.33395330
0.34558940
0.35025980
0.34903350
0.34282160
0.33239510
0.31888760
0.30397300
0.28981400
0.27857140
0.27189840
0.27032540
0.27308830
0.27830860
0.28370220
0.28738220
0.28848260
0.28720550
0.28445000
0.28109220
0.27776710
0.27474580
0.27204930
0.26921160
0.26510910
0.25799780
0.24620430
0.22919890
0.20849120
0.18745680
0.17007340
0.15907550
0.15502410
0.15666400
0.16230240
0.17101090
0.18296390
0.19861850
0.21774100
0.23898510
0.26066870
0.28187210
0.30324930
0.32646220
0.35313420
0.38382370
0.41795050
0.45437250
0.49206060
0.52980890
0.56538500
0.59467810
0.61211140
0.61246730
0.59326650
0.55617860
0.50677800
0.45265570
0.40103070
0.35689380
0.32265040
0.29856660
0.28385480
0.27746790
0.27889350
0.28847980
0.30729620
0.33579330
0.37203280
0.40994520
0.43958320
0.44972140
0.43235950
0.38686720
0.32111560
0.24863360
0.18310640
0.13313510
0.10011020
0.07996583
0.06728425
0.05890347
0.05494200
0.05698148
0.06541143
0.07789690
0.09009523
0.09772565
0.09856369
0.09289032
0.08243995
0.06875960
0.05241375
0.03333547
0.01191792
-0.01028563
-0.03070469
-0.04678843
-0.05711966
-0.06204669
-0.06330420
-0.06309246
-0.06307438
-0.06397544
-0.06565587
-0.06765548
-0.06966322
-0.07183516
-0.07460604
-0.07836622
-0.08311454
-0.08848833
-0.09393871
-0.09905341
-0.10367140
-0.10783450
-0.11155020
-0.11452000
-0.11625590
-0.11636960
-0.11476050
-0.11167150
-0.10743050
-0.10236270
-0.09672556
-0.09108753
-0.08652296
-0.08464142
-0.08704476
-0.09469000
-0.10743490
-0.12417460
-0.14323100
-0.16268410
-0.18044420
-0.19421600
-0.20167490
-0.20101380
-0.19189740
-0.17600780
-0.15686500
-0.13857820
-0.12447330
-0.11612120
-0.11325720
-0.11446240
-0.11792250
-0.12191230
-0.12474120
-0.12472250
-0.12040860
-0.11135280
-0.09846377
-0.08386331
-0.06993178
-0.05821479
-0.04873675
-0.04037864
-0.03192253
-0.02324916
-0.01564076
-0.01121156
-0.01170604
-0.01763791
-0.02800003
-0.04075168
-0.05350047
-0.06416626
-0.07117469
-0.07359282
-0.07120491
-0.06477151
-0.05597096
-0.04701916
-0.03987075
-0.03555375
-0.03380842
-0.03344086
-0.03302051
-0.03169414
-0.02942568
-0.02679779
-0.02448011
-0.02289870
-0.02209279
-0.02188022
-0.02201473
-0.02235906
-0.02281903
-0.02335615
-0.02397513
-0.02486414
-0.02630328
-0.02852743
-0.03147310
-0.03479071
-0.03795072
-0.04056455
-0.04253296
-0.04410126
-0.04557107
-0.04709241
-0.04859072
-0.05002130
-0.05146976
-0.05308906
-0.05469133
-0.05552015
-0.05433293
-0.05014742
-0.04318789
-0.03554450
-0.03073529
-0.03232785
-0.04214505
-0.05925280
-0.08014550
-0.10028270
-0.11600090
-0.12592690
-0.13095800
-0.13317290
-0.13431710
-0.13487970
-0.13409650
-0.13083400
-0.12450180
-0.11569050
-0.10611500
-0.09804316
-0.09360870
-0.09447809
-0.10155170
-0.11486400
-0.13339920
-0.15518780
-0.17731410
-0.19653230
-0.20990640
-0.21568120
-0.21367430
-0.20526080
-0.19281890
-0.17921370
-0.16719040
-0.15925630
-0.15759470
-0.16405250
-0.17975230
-0.20461080
-0.23688530
-0.27338220
-0.31000300
-0.34288940
-0.36921710
-0.38758920
-0.39773050
-0.39993570
-0.39463360
-0.38264050
-0.36554840
-0.34606830
-0.32773940
-0.31401200
-0.30703700
-0.30687570
-0.31162000
-0.31842530
-0.32474150
-0.32925190
-0.33205790
-0.33416130
-0.33657060
-0.33964280
-0.34276590
-0.34455310
-0.34327190
-0.33724600
-0.32520910
-0.30671890
-0.28235220
-0.25376410
-0.22340950
-0.19407680
-0.16809870
-0.14670150
-0.12971910
-0.11600250
-0.10408990
-0.09308331
-0.08298021
-0.07453073
-0.06843241
-0.06458519
-0.06174537
-0.05803384
-0.05177425
-0.04232433
-0.03017516
-0.01645041
-0.00189611
0.01373607
0.03167774
0.05331867
0.07935015
0.10923370
0.14144440
0.17391890
0.20482500
0.23267930
0.25645360
0.27541350
0.28924370
0.29807520
0.30254140
0.30322320
0.30031570
0.29350060
0.28237040
0.26712000
0.24915650
0.23093790
0.21517710
0.20363940
0.19648820
0.19234550
0.18916080
0.18497740
0.17862130
0.16971520
0.15861580
0.14609900
0.13326600
0.12134090
0.11125090
0.10312630
0.09622537
0.08926242
0.08120267
0.07181419
0.06181366
0.05234964
0.04433943
0.03793951
0.03266323
0.02780248
0.02293321
0.01806323
0.01362751
0.01031937
0.00896317
0.01022474
0.01431747
0.02067050
0.02801684
0.03486056
0.04040065
0.04506776
0.05028934
0.05730036
0.06606359
0.07501475
0.08206537
0.08597887
0.08713305
0.08673107
0.08514418
0.08066537
0.07021080
0.05159999
0.02587987
-0.00252824
-0.02824248
-0.04847537
-0.06487276
-0.08197923
-0.10297390
-0.12601690
-0.14436880
-0.15106140
-0.14497430
-0.13385750
-0.13120700
-0.14834380
-0.18656520
-0.23506730
-0.27629790
-0.29610810
-0.29180710
-0.27329570
-0.25644620
-0.25330600
-0.26539480
-0.28421520
-0.29782390
-0.29895770
-0.28908690
-0.27638920
-0.26988280
-0.27396420
-0.28687950
-0.30341520
-0.31916610
-0.33324370
-0.34757940
-0.36405420
-0.38185200
-0.39728630
-0.40592700
-0.40566370
-0.39849410
-0.39011150
-0.38725750
-0.39481760
-0.41368790
-0.44066890
-0.46959780
-0.49343750
-0.50596440
-0.50291740
-0.48215310
-0.44338580
-0.38784640
-0.31845870
-0.24005220
-0.15957700
-0.08528351
-0.02506100
0.01604381
0.03760871
0.04410362
0.04303667
0.04202424
0.04600924
0.05615846
0.07051386
0.08594716
0.09987739
0.11103290
0.11899730
0.12350490
0.12409480
0.12041140
0.11266800
0.10186330
0.08937173
0.07633791
0.06323533
0.05012824
0.03718778
0.02513217
0.01501603
0.00774289
0.00350454
0.00172772
0.00135770
0.00144563
0.00149155
0.00148753
0.00158804
0.00193351
0.00256136
0.00349762
0.00467513
0.00590461
0.00681782
0.00709388
0.00673414
0.00640231
0.00734962
0.01101138
0.01828593
0.02911829
0.04246098
0.05672557
0.07028865
0.08201066
0.09138259
0.09846228
0.10351560
0.10673780
0.10810300
0.10740820
0.10457080
0.10010560
0.09532099
0.09210957
0.09211178
0.09590100
0.10263320
0.11061960
0.11839010
0.12556000
0.13271860
0.14021430
0.14688330
0.14981000
0.14567750
0.13303870
0.11368770
0.09209758
0.07310438
0.05945815
0.05091982
0.04575117
0.04316449
0.04473908
0.05333856
0.07046833
0.09406804
0.11891300
0.13945380
0.15323330
0.16211570
0.17050920
0.18175780
0.19582330
0.20994840
0.22192160
0.23277250
0.24676610
0.26808210
0.29677360
0.32718830
0.35065870
0.36074500
0.35742880
0.34713560
0.33867920
0.33773920
0.34390940
0.35190460
0.35600660
0.35408760
0.34867810
0.34437230
0.34406470
0.34663390
0.34769300
0.34239810
0.32829070
0.30624750
0.27953150
0.25181720
0.22614220
0.20478210
0.18962310
0.18199220
0.18183800
0.18700820
0.19365640
0.19780660
0.19735630
0.19299970
0.18736760
0.18281720
0.17975600
0.17649090
0.17093010
0.16244250
0.15256750
0.14375340
0.13735640
0.13226550
0.12592000
0.11669790
0.10612850
0.09880148
0.09986054
0.11159100
0.13160170
0.15386690
0.17225650
0.18386280
0.19018520
0.19517170
0.20204520
0.21103020
0.21980070
0.22565430
0.22795900
0.22853930
0.23000600
0.23340140
0.23722510
0.23867250
0.23604950
0.23037740
0.22490910
0.22280690
0.22481430
0.22857730
0.23032020
0.22739200
0.21986300
0.20999890
0.20016550
0.19084200
0.18023120
0.16571590
0.14589550
0.12179220
0.09633614
0.07262649
0.05233069
0.03531820
0.02058938
0.00754073
-0.00332302
-0.01078979
-0.01393536
-0.01298373
-0.00925959
-0.00446621
0.00020098
0.00433804
0.00805539
0.01135837
0.01380572
0.01459836
0.01312083
0.00939921
0.00418973
-0.00140093
-0.00633383
-0.00989157
-0.01159161
-0.01106741
-0.00804419
-0.00260200
0.00454076
0.01193947
0.01787128
0.02102521
0.02111548
0.01887161
0.01555199
0.01215451
0.00892914
0.00535279
0.00063154
-0.00575540
-0.01374684
-0.02283993
-0.03232163
-0.04147296
-0.04961114
-0.05621661
-0.06106239
-0.06441906
-0.06699525
-0.06964306
-0.07282737
-0.07641049
-0.07989951
-0.08315008
-0.08680050
-0.09207473
-0.09987448
-0.10991730
-0.12055880
-0.12971940
-0.13624790
-0.14096130
-0.14621570
-0.15452960
-0.16694440
-0.18241870
-0.19863860
-0.21349080
-0.22615020
-0.23714680
-0.24726700
-0.25653990
-0.26408930
-0.26891510
-0.27103910
-0.27184610
-0.27328490
-0.27677440
-0.28223310
-0.28846640
-0.29416950
-0.29890350
-0.30317950
-0.30760750
-0.31204530
-0.31546380
-0.31670990
-0.31552810
-0.31275510
-0.30954370
-0.30592530
-0.30011300
-0.28912750
-0.27069790
-0.24508680
-0.21560030
-0.18732650
-0.16491880
-0.15061940
-0.14372580
-0.14141090
-0.14041300
-0.13815980
-0.13309220
-0.12435160
-0.11147080
-0.09442686
-0.07398573
-0.05178290
-0.03000149
-0.01056811
0.00545572
0.01799676
0.02744248
0.03408307
0.03785361
0.03863308
0.03666206
0.03281075
0.02828768
0.02411905
0.02066897
0.01771013
0.01486589
0.01214553
0.01005254
0.00934326
0.01053006
0.01361137
0.01808358
0.02332037
0.02887071
0.03460313
0.04052275
0.04663267
0.05281547
0.05888147
0.06454613
0.06948535
0.07336100
0.07596187
0.07726612
0.07745290
0.07668657
0.07488219
0.07155465
0.06610298
0.05827827
0.04860546
0.03829497
0.02875895
0.02094328
0.01504044
0.01070748
0.00777675
0.00681137
0.00919594
0.01656425
0.03011900
0.05018051
0.07633841
0.10785250
0.14405170
0.18421760
0.22707700
0.27024180
0.31012370
0.34259930
0.36428390
0.37378950
0.37233160
0.36325270
0.35069460
0.33790280
0.32614140
0.31484920
0.30283220
0.28971420
0.27681060
0.26657900
0.26120190
0.26099690
0.26416820
0.26778820
0.26974580
0.26994890
0.27010250
0.27201940
0.27585140
0.27936980
0.27897040
0.27179930
0.25730330
0.23738230
0.21510440
0.19311260
0.17284320
0.15476820
0.13914030
0.12618570
0.11558610
0.10568140
0.09362572
0.07670541
0.05422272
0.02846612
0.00396876
-0.01470483
-0.02522896
-0.02845915
-0.02749594
-0.02572914
-0.02520329
-0.02629550
-0.02842788
-0.03102357
-0.03381581
-0.03649826
-0.03817889
-0.03736690
-0.03258345
-0.02321679
-0.00991436
0.00565747
0.02149119
0.03576729
0.04709024
0.05443357
0.05713828
0.05501916
0.04859195
0.03908495
0.02818996
0.01755481
0.00837856
0.00118575
-0.00412948
-0.00812840
-0.01146501
-0.01452360
-0.01717912
-0.01898210
-0.01968736
-0.01993989
-0.02149168
-0.02667267
-0.03716788
-0.05294667
-0.07214462
-0.09219216
-0.11139910
-0.12990250
-0.14920170
-0.17068340
-0.19425730
-0.21821770
-0.24038380
-0.25952990
-0.27583170
-0.28995960
-0.30173150
-0.30979050
-0.31280130
-0.31128260
-0.30847890
-0.30905110
-0.31606090
-0.32853660
-0.34142980
-0.34840790
-0.34560460
-0.33387600
-0.31791400
-0.30302340
-0.29173370
-0.28266730
-0.27210070
-0.25701640
-0.23714820
-0.21491360
-0.19343330
-0.17433020
-0.15687940
-0.13888800
-0.11850850
-0.09556907
-0.07160584
-0.04897735
-0.02967034
-0.01475288
-0.00444659
0.00144380
0.00322561
0.00121121
-0.00419993
-0.01252276
-0.02321017
-0.03570600
-0.04935373
-0.06335322
-0.07683851
-0.08915912
-0.10006820
-0.10969310
-0.11814990
-0.12519920
-0.13010700
-0.13192380
-0.13010910
-0.12485750
-0.11709650
-0.10799940
-0.09847363
-0.08896335
-0.07964002
-0.07077731
-0.06294393
-0.05689747
-0.05316604
-0.05172794
-0.05194899
-0.05290587
-0.05375752
-0.05405647
-0.05375123
-0.05306079
-0.05222123
-0.05136144
-0.05046166
-0.04945197
-0.04827288
-0.04691538
-0.04537694
-0.04365022
-0.04166413
-0.03931723
-0.03653962
-0.03342773
-0.03025443
-0.02739545
-0.02512165
-0.02343467
-0.02197900
-0.02017674
-0.01747156
-0.01362525
-0.00879237
-0.00341152
0.00208065
0.00743734
0.01265643
0.01776460
0.02254756
0.02633488
0.02814156
0.02704622
0.02270219
0.01556643
0.00679985
-0.00224188
-0.01060646
-0.01816962
-0.02556160
-0.03373477
-0.04335837
-0.05448030
-0.06648784
-0.07840142
-0.08916141
-0.09780906
-0.10341630
-0.10508010
-0.10203120
-0.09409181
-0.08198654
-0.06746393
-0.05287061
-0.04046946
-0.03171263
-0.02693694
-0.02552381
-0.02644170
-0.02874056
-0.03182907
-0.03540498
-0.03928399
-0.04322114
-0.04689929
-0.05000294
-0.05234692
-0.05386768
-0.05456542
-0.05439598
-0.05325669
-0.05099235
-0.04747954
-0.04270868
-0.03690495
-0.03055522
-0.02438628
-0.01923400
-0.01587818
-0.01482432
-0.01617676
-0.01961185
-0.02450978
-0.03013393
-0.03585197
-0.04130785
-0.04655568
-0.05201888
-0.05829386
-0.06581295
-0.07455532
-0.08390459
-0.09286229
-0.10046220
-0.10620480
-0.11009220
-0.11227620
-0.11245050
-0.10962640
-0.10235480
-0.08965411
-0.07197322
-0.05158162
-0.03198919
-0.01664125
-0.00751435
-0.00449548
-0.00575100
-0.00888850
-0.01210190
-0.01473148
-0.01695174
-0.01905704
-0.02087851
-0.02181086
-0.02128436
-0.01930969
-0.01662076
-0.01432574
-0.01327190
-0.01360440
-0.01476888
-0.01595716
-0.01660766
-0.01667295
-0.01648909
-0.01647173
-0.01681322
-0.01746187
-0.01828475
-0.01931081
-0.02077529
-0.02299778
-0.02614423
-0.03014156
-0.03471306
-0.03958148
-0.04459954
-0.04978621
-0.05517265
-0.06065719
-0.06593646
-0.07065298
-0.07456265
-0.07766244
-0.08011625
-0.08208700
-0.08353322
-0.08418106
-0.08366065
-0.08178911
-0.07872516
-0.07496153
-0.07108181
-0.06749977
-0.06425072
-0.06103077
-0.05738487
-0.05300214
-0.04786822
-0.04228492
-0.03670500
-0.03158782
-0.02723306
-0.02374685
-0.02104543
-0.01895155
-0.01723552
-0.01566490
-0.01398959
-0.01195190
-0.00925450
-0.00559420
-0.00072605
0.00538891
0.01250946
0.02010623
0.02751601
0.03412337
0.03956871
0.04379443
0.04699676
0.04946910
0.05153129
0.05351501
0.05581736
0.05885366
0.06296269
0.06822868
0.07443068
0.08111043
0.08783390
0.09442489
0.10105830
0.10808680
0.11577730
0.12412990
0.13287070
0.14172310
0.15060740
0.15977590
0.16959750
0.18029610
0.19177070
0.20369330
0.21584100
0.22826330
0.24126840
0.25500670
0.26919400
0.28303440
0.29564160
0.30663630
0.31645850
0.32597420
0.33577760
0.34537500
0.35324740
0.35763280
0.35774470
0.35457180
0.35058270
0.34836860
0.34919470
0.35227460
0.35532310
0.35598570
0.35328240
0.34784540
0.34117370
0.33424760
0.32666930
0.31688730
0.30335010
0.28559170
0.26460950
0.24228160
0.22031970
0.19952160
0.17987570
0.16108690
0.14319460
0.12649670
0.11125690
0.09724464
0.08390086
0.07088814
0.05864849
0.04835901
0.04122625
0.03755360
0.03636293
0.03593389
0.03494529
0.03339525
0.03261184
0.03425846
0.03905229
0.04604985
0.05307462
0.05795571
0.05973358
0.05899553
0.05722296
0.05564952
0.05449675
0.05304572
0.05044476
0.04654779
0.04218418
0.03864928
0.03688374
0.03694020
0.03809379
0.03945793
0.04063305
0.04189725
0.04386896
0.04691303
0.05078323
0.05471067
0.05786229
0.05976608
0.06046078
0.06028479
0.05952595
0.05818817
0.05606370
0.05298480
0.04907305
0.04477015
0.04068107
0.03732678
0.03497667
0.03360325
0.03300361
0.03291534
0.03311519
0.03341762
0.03366144
0.03369972
0.03341212
0.03268540
0.03140643
0.02943841
0.02664052
0.02287936
0.01809869
0.01234953
0.00579929
-0.00131336
-0.00870571
-0.01607782
-0.02312496
-0.02958303
-0.03526550
-0.04010484
-0.04414810
-0.04753191
-0.05041553
-0.05295177
-0.05529866
-0.05766247
-0.06028693
-0.06338213
-0.06700917
-0.07102540
-0.07513825
-0.07907088
-0.08273032
-0.08629473
-0.09008400
-0.09433998
-0.09900941
-0.10372840
-0.10795250
-0.11126800
-0.11352300
-0.11485980
-0.11552380
-0.11567750
-0.11529080
-0.11422040
-0.11246740
-0.11025470
-0.10802120
-0.10613490
-0.10470780
-0.10344360
-0.10181230
-0.09932219
-0.09580417
-0.09147599
-0.08679781
-0.08225341
-0.07815180
-0.07460491
-0.07161294
-0.06918293
-0.06735605
-0.06615005
-0.06548351
-0.06519042
-0.06507594
-0.06501949
-0.06498956
-0.06500861
-0.06505031
-0.06499593
-0.06466299
-0.06391705
-0.06273056
-0.06119008
-0.05940581
-0.05745219
-0.05533064
-0.05302515
-0.05055703
-0.04805874
-0.04574191
-0.04384237
-0.04252509
-0.04184034
-0.04169624
-0.04190501
-0.04225848
-0.04265390
-0.04314114
-0.04390887
-0.04515186
-0.04694162
-0.04912014
-0.05134340
-0.05321972
-0.05449440
-0.05511730
-0.05517515
-0.05473105
-0.05372200
-0.05194387
-0.04918552
-0.04537434
-0.04066984
-0.03542668
-0.03007855
-0.02500459
-0.02046430
-0.01657873
-0.01335927
-0.01077103
-0.00882065
-0.00761254
-0.00734313
-0.00817093
-0.01003594
-0.01249459
-0.01475557
-0.01594857
-0.01553718
-0.01361820
-0.01093420
-0.00855209
-0.00741349
-0.00796634
-0.01007275
-0.01313745
-0.01635821
-0.01891299
-0.02012234
-0.01961199
-0.01753287
-0.01466835
-0.01229337
-0.01168910
-0.01354398
-0.01756041
-0.02260690
-0.02735164
-0.03104871
-0.03391987
-0.03691414
-0.04099768
-0.04649093
-0.05286357
-0.05910758
-0.06434389
-0.06823579
-0.07093352
-0.07270082
-0.07356835
-0.07333852
-0.07186231
-0.06934460
-0.06636373
-0.06358083
-0.06134479
-0.05951964
-0.05766876
-0.05546216
-0.05297906
-0.05069799
-0.04919299
-0.04879277
-0.04939830
-0.05060461
-0.05195353
-0.05318227
-0.05426923
-0.05535005
-0.05656652
-0.05798395
-0.05954745
-0.06107609
-0.06223311
-0.06254697
-0.06147660
-0.05858054
-0.05371667
-0.04718636
-0.03970832
-0.03224364
-0.02572730
-0.02085336
-0.01795197
-0.01701007
-0.01776230
-0.01982636
-0.02279208
-0.02628315
-0.02997909
-0.03363947
-0.03709891
-0.04026461
-0.04308751
-0.04554024
-0.04757584
-0.04912080
-0.05008214
-0.05038376
-0.04997436
-0.04883676
-0.04696257
-0.04437150
-0.04113284
-0.03741460
-0.03348673
-0.02966958
-0.02621323
-0.02320695
-0.02057373
-0.01821006
-0.01613892
-0.01458204
-0.01384603
-0.01412209
-0.01529761
-0.01697211
-0.01864741
-0.02000469
-0.02101809
-0.02186740
-0.02268381
-0.02337401
-0.02362032
-0.02308656
-0.02164475
-0.01947288
-0.01691931
-0.01428332
-0.01165520
-0.00894598
-0.00602394
-0.00283358
0.00061337
0.00431079
0.00830951
0.01261670
0.01702571
0.02100709
0.02385250
0.02500345
0.02440325
0.02257886
0.02040485
0.01865897
0.01766499
0.01723084
0.01691521
0.01639843
0.01571354
0.01518758
0.01519940
0.01593619
0.01733513
0.01919084
0.02134363
0.02376748
0.02652409
0.02961197
0.03288276
0.03604414
0.03879255
0.04092370
0.04242173
0.04344314
0.04425875
0.04515264
0.04634691
0.04792322
0.04980337
0.05177546
0.05360997
0.05518629
0.05658013
0.05800956
0.05970446
0.06174285
0.06401787
0.06630614
0.06845285
0.07047290
0.07253590
0.07479464
0.07722815
0.07960114
0.08159251
0.08298223
0.08378969
0.08422675
0.08453222
0.08478161
0.08484457
0.08447387
0.08347359
0.08177998
0.07942946
0.07646186
0.07286073
0.06860284
0.06377696
0.05866735
0.05370827
0.04930349
0.04564515
0.04265306
0.04007488
0.03766418
0.03533603
0.03318031
0.03136916
0.03002024
0.02914454
0.02867181
0.02852944
0.02867176
0.02905482
0.02958779
0.03012265
0.03049246
0.03061025
0.03051288
0.03033483
0.03020076
0.03014423
0.03008971
0.02993612
0.02965718
0.02937518
0.02932782
0.02976486
0.03081092
0.03240897
0.03434554
0.03635619
0.03822340
0.03982832
0.04113049
0.04209074
0.04258203
0.04238163
0.04122564
0.03892389
0.03545560
0.03100683
0.02593001
0.02064069
0.01550978
0.01079986
0.00664211
0.00305361
-0.00005431
-0.00284653
-0.00553157
-0.00831210
-0.01135668
-0.01479064
-0.01872813
-0.02331562
-0.02874023
-0.03516791
-0.04264578
-0.05102473
-0.05998776
-0.06914833
-0.07817878
-0.08687971
-0.09516554
-0.10297740
-0.11021970
-0.11676870
-0.12249140
-0.12729650
-0.13098950
-0.13327450
-0.13366280
-0.13167450
-0.12709520
-0.12025160
-0.11200050
-0.10348420
-0.09572976
-0.08929364
-0.08420950
-0.08020334
-0.07701128
-0.07454629
-0.07285262
-0.07189741
-0.07142572
-0.07101492
-0.07030250
-0.06919117
-0.06788105
-0.06668499
-0.06579102
-0.06511347
-0.06434705
-0.06314037
-0.06125911
-0.05861051
-0.05518090
-0.05095837
-0.04594267
-0.04019839
-0.03389241
-0.02725342
-0.02051187
-0.01387397
-0.00757893
-0.00196670
0.00255101
0.00568130
0.00745992
0.00831279
0.00882111
0.00935296
0.00981895
0.00982521
0.00914674
0.00821054
0.00811862
0.01008703
0.01457033
0.02071761
0.02661160
0.03027830
0.03085610
0.02918724
0.02739759
0.02771129
0.03122760
0.03744727
0.04475290
0.05149176
0.05687883
0.06123408
0.06547466
0.07036722
0.07603889
0.08204957
0.08783241
0.09311273
0.09796741
0.10258920
0.10696440
0.11080930
0.11372600
0.11552110
0.11634690
0.11666280
0.11691740
0.11735600
0.11794720
0.11857900
0.11914990
0.11973120
0.12046520
0.12145450
0.12262710
0.12373970
0.12446370
0.12459470
0.12407420
0.12302300
0.12152340
0.11951330
0.11664690
0.11238300
0.10624240
0.09811018
0.08837213
0.07790845
0.06778272
0.05887645
0.05161898
0.04596156
0.04156821
0.03806478
0.03517898
0.03273857
0.03059328
0.02859551
0.02666850
0.02491051
0.02357916
0.02293393
0.02300099
0.02347377
0.02383971
0.02367495
0.02289340
0.02177608
0.02075073
0.02010548
0.01982372
0.01968345
0.01949449
0.01928997
0.01929890
0.01976556
0.02075677
0.02212198
0.02360076
0.02498749
0.02618985
0.02717567
0.02786296
0.02810432
0.02776346
0.02680509
0.02529125
0.02328644
0.02074956
0.01755540
0.01362114
0.00905999
0.00418487
-0.00066157
-0.00533517
-0.00995533
-0.01474306
-0.01974878
-0.02472041
-0.02923262
-0.03299968
-0.03610392
-0.03895498
-0.04197165
-0.04528885
-0.04873794
-0.05215711
-0.05574613
-0.06015161
-0.06612820
-0.07403124
-0.08350763
-0.09369048
-0.10377060
-0.11352200
-0.12337610
-0.13394360
-0.14534730
-0.15684300
-0.16703340
-0.17450030
-0.17840730
-0.17879540
-0.17627690
-0.17161610
-0.16536360
-0.15793840
-0.14971780
-0.14120130
-0.13293970
-0.12527990
-0.11827340
-0.11176620
-0.10556420
-0.09971302
-0.09445715
-0.09009510
-0.08674859
-0.08428879
-0.08241646
-0.08082468
-0.07931715
-0.07784066
-0.07641808
-0.07509457
-0.07389427
-0.07278499
-0.07160637
-0.07002584
-0.06759519
-0.06395128
-0.05906264
-0.05338583
-0.04776270
-0.04312420
-0.04011136
-0.03887859
-0.03912860
-0.04037034
-0.04213925
-0.04411442
-0.04604858
-0.04769330
-0.04876183
-0.04900404
-0.04828379
-0.04660639
-0.04405144
-0.04070536
-0.03664487
-0.03200340
-0.02701987
-0.02200501
-0.01722334
-0.01278582
-0.00862853
-0.00463511
-0.00078079
0.00277881
0.00579250
0.00806972
0.00960915
0.01056170
0.01109505
0.01124459
0.01090067
0.00991995
0.00831135
0.00632390
0.00438712
0.00291043
0.00211790
0.00199108
0.00237198
0.00310928
0.00417798
0.00566644
0.00768305
0.01022123
0.01311889
0.01610600
0.01893837
0.02150218
0.02387361
0.02624359
0.02881483
0.03164587
0.03462111
0.03750014
0.04007653
0.04229459
0.04432033
0.04644862
0.04896465
0.05198746
0.05544616
0.05917383
0.06305067
0.06705373
0.07122248
0.07550713
0.07971028
0.08352265
0.08672952
0.08938117
0.09183522
0.09455007
0.09781550
0.10154430
0.10534200
0.10876900
0.11162480
0.11406230
0.11641820
0.11884560
0.12111000
0.12261940
0.12282290
0.12161920
0.11944640
0.11714100
0.11542710
0.11444770
0.11380520
0.11280540
0.11095860
0.10828610
0.10521560
0.10223720
0.09951638
0.09682446
0.09375109
0.09006776
0.08594338
0.08181634
0.07808899
0.07485138
0.07187871
0.06887063
0.06575142
0.06276470
0.06029462
0.05854720
0.05737076
0.05635164
0.05512722
0.05364400
0.05218922
0.05113033
0.05060554
0.05035349
0.04986767
0.04870884
0.04676743
0.04426934
0.04155286
0.03878956
0.03586781
0.03250067
0.02847539
0.02383121
0.01888282
0.01406723
0.00980622
0.00645389
0.00436488
0.00393271
0.00553441
0.00934322
0.01513903
0.02223492
0.02964420
0.03638832
0.04180094
0.04565741
0.04809080
0.04936570
0.04968766
0.04912146
0.04768406
0.04547260
0.04274162
0.03983355
0.03704965
0.03453324
0.03226643
0.03014477
0.02810346
0.02617558
0.02447782
0.02313135
0.02220688
0.02170291
0.02155766
0.02164330
0.02177966
0.02177039
0.02148032
0.02091011
0.02021106
0.01958986
0.01914987
0.01877654
0.01819281
0.01715038
0.01564132
0.01390635
0.01227086
0.01086535
0.00949873
0.00775247
0.00525526
0.00188595
-0.00225220
-0.00706072
-0.01261742
-0.01910547
-0.02653254
-0.03453833
-0.04253883
-0.05022029
-0.05798284
-0.06690968
-0.07808842
-0.09172869
-0.10674150
-0.12127630
-0.13394560
-0.14492070
-0.15599820
-0.16942130
-0.18620110
-0.20501000
-0.22254460
-0.23527440
-0.24127410
-0.24123360
-0.23776470
-0.23382780
-0.23110460
-0.22951370
-0.22785120
-0.22497510
-0.22056940
-0.21511280
-0.20931900
-0.20351560
-0.19767130
-0.19172510
-0.18599280
-0.18107680
-0.17746670
-0.17500890
-0.17286640
-0.16985790
-0.16506400
-0.15816940
-0.14937690
-0.13914690
-0.12784560
-0.11578970
-0.10335570
-0.09111826
-0.07968100
-0.06939063
-0.06010857
-0.05134207
-0.04259974
-0.03379341
-0.02533224
-0.01791513
-0.01210304
-0.00805087
-0.00549813
-0.00403364
-0.00334400
-0.00331578
-0.00392641
-0.00510742
-0.00667497
-0.00842114
-0.01023669
-0.01218602
-0.01442198
-0.01704362
-0.01998331
-0.02304862
-0.02602103
-0.02878754
-0.03136513
-0.03387153
-0.03641253
-0.03902297
-0.04164342
-0.04416308
-0.04645319
-0.04839351
-0.04988287
-0.05085323
-0.05126371
-0.05109779
-0.05033460
-0.04893347
-0.04680886
-0.04385120
-0.03996296
-0.03515508
-0.02958493
-0.02357441
-0.01752883
-0.01184877
-0.00682063
-0.00258639
0.00083299
0.00344850
0.00526723
0.00629425
0.00659830
0.00632967
0.00569829
0.00486964
0.00388439
0.00263964
0.00100743
-0.00102169
-0.00325227
-0.00537186
-0.00712489
-0.00848104
-0.00962900
-0.01081704
-0.01211157
-0.01329501
-0.01399169
-0.01397568
-0.01340761
-0.01284275
-0.01295089
-0.01415777
-0.01640389
-0.01921932
-0.02201415
-0.02440015
-0.02630563
-0.02787363
-0.02925883
-0.03053206
-0.03170015
-0.03280103
-0.03390259
-0.03500146
-0.03587978
-0.03612800
-0.03534569
-0.03346008
-0.03086021
-0.02823098
-0.02614705
-0.02471429
-0.02349644
-0.02182911
-0.01926992
-0.01592163
-0.01233635
-0.00915215
-0.00667669
-0.00475208
-0.00292745
-0.00081503
0.00166897
0.00429043
0.00672616
0.00879630
0.01057146
0.01227855
0.01417276
0.01644291
0.01922553
0.02262478
0.02670698
0.03142307
0.03657712
0.04187869
0.04711142
0.05225795
0.05749574
0.06298803
0.06867787
0.07422021
0.07918453
0.08337436
0.08706190
0.09090080
0.09556131
0.10128210
0.10772300
0.11415900
0.11999300
0.12520490
0.13030500
0.13608810
0.14304450
0.15097990
0.15906890
0.16630050
0.17191030
0.17570460
0.17798970
0.17926460
0.17995830
0.18026420
0.18024450
0.17991800
0.17938710
0.17873420
0.17801010
0.17718390
0.17622500
0.17515400
0.17402230
0.17286960
0.17162500
0.17008480
0.16809610
0.16566860
0.16303710
0.16054840
0.15839770
0.15635780
0.15383650
0.15006260
0.14451330
0.13716940
0.12857030
0.11955360
0.11093440
0.10319280
0.09642848
0.09047794
0.08514815
0.08037565
0.07627996
0.07305991
0.07086779
0.06968676
0.06929961
0.06932518
0.06932900
0.06894968
0.06800482
0.06650248
0.06457556
0.06236331
0.05990573
0.05710701
0.05381420
0.04994651
0.04559798
0.04102339
0.03653423
0.03236867
0.02864416
0.02538946
0.02265450
0.02056158
0.01925565
0.01875390
0.01884443
0.01912098
0.01917268
0.01878521
0.01801997
0.01708985
0.01611343
0.01492221
0.01311455
0.01033522
0.00660682
0.00242262
-0.00146807
-0.00450577
-0.00668469
-0.00859612
-0.01107023
-0.01466453
-0.01931496
-0.02439845
-0.02914079
-0.03309621
-0.03640236
-0.03967333
-0.04360803
-0.04858039
-0.05446784
-0.06079576
-0.06707010
-0.07311135
-0.07918362
-0.08587060
-0.09374543
-0.10303650
-0.11344050
-0.12422180
-0.13454470
-0.14375520
-0.15166050
-0.15838230
-0.16409520
-0.16871590
-0.17176530
-0.17263250
-0.17082750
-0.16629890
-0.15935280
-0.15047910
-0.14004480
-0.12831510
-0.11557500
-0.10240710
-0.08966535
-0.07832716
-0.06910527
-0.06225813
-0.05761828
-0.05481240
-0.05342998
-0.05305066
-0.05313630
-0.05303445
-0.05217863
-0.05041416
-0.04811210
-0.04591210
-0.04417594
-0.04257163
-0.04014714
-0.03596226
-0.02985957
-0.02282270
-0.01654458
-0.01247486
-0.01093049
-0.01093570
-0.01085712
-0.00942589
-0.00642883
-0.00268071
0.00066731
0.00289692
0.00406955
0.00475698
0.00550040
0.00641528
0.00723457
0.00763792
0.00758641
0.00735563
0.00730345
0.00756861
0.00799640
0.00830307
0.00834109
0.00820488
0.00813733
0.00830529
0.00866603
0.00899720
0.00907940
0.00884294
0.00839084
0.00787471
0.00738357
0.00691242
0.00644661
0.00603604
0.00581324
0.00590430
0.00633234
0.00697046
0.00761997
0.00812221
0.00843979
0.00862135
0.00872874
0.00876568
0.00869097
0.00846514
0.00811437
0.00772074
0.00736599
0.00704765
0.00667541
0.00612990
0.00536047
0.00441921
0.00343967
0.00254799
0.00179904
0.00115460
0.00054868
-0.00004135
-0.00055274
-0.00088285
-0.00095041
-0.00074939
-0.00033722
0.00019625
0.00077950
0.00136058
0.00189546
0.00232039
0.00258312
0.00268812
0.00272580
0.00280723
0.00296712
0.00308497
0.00292837
0.00228583
0.00114268
-0.00026775
-0.00156889
-0.00247451
-0.00295222
-0.00323125
-0.00363058
-0.00436768
-0.00545423
-0.00676782
-0.00819984
-0.00977211
-0.01159815
-0.01376457
-0.01622485
-0.01883494
-0.02146667
-0.02412167
-0.02692766
-0.03003756
-0.03349543
-0.03721224
-0.04105055
-0.04496321
-0.04903218
-0.05337836
-0.05800605
-0.06275002
-0.06733616
-0.07155078
-0.07535650
-0.07886533
-0.08216854
-0.08516539
-0.08752637
-0.08884739
-0.08885359
-0.08754303
-0.08514698
-0.08198410
-0.07828674
-0.07413855
-0.06951062
-0.06438020
-0.05879468
-0.05288087
-0.04682397
-0.04086122
-0.03526036
-0.03029818
-0.02617507
-0.02294280
-0.02045693
-0.01844458
-0.01661658
-0.01480515
-0.01297515
-0.01115763
-0.00933003
-0.00738289
-0.00516756
-0.00261009
0.00023142
0.00318958
0.00611820
0.00899369
0.01193956
0.01511576
0.01860430
0.02233231
0.02611865
0.02976611
0.03316290
0.03629323
0.03919624
0.04186349
0.04420660
0.04607321
0.04731369
0.04783084
0.04762611
0.04679179
0.04548921
0.04389804
0.04217025
0.04038936
0.03857685
0.03670822
0.03478563
0.03287213
0.03108813
0.02953467
0.02821896
0.02702560
0.02577409
0.02431451
0.02261124
0.02075183
0.01888005
0.01708893
0.01539678
0.01379234
0.01232455
0.01112606
0.01034578
0.01003164
0.01006938
0.01022441
0.01031117
0.01032342
0.01045709
0.01095279
0.01190660
0.01317855
0.01447293
0.01553473
0.01631104
0.01695568
0.01768708
0.01859591
0.01959461
0.02051468
0.02128175
0.02197944
0.02278026
0.02376457
0.02480812
0.02561703
0.02592734
0.02568363
0.02508989
0.02445344
0.02399757
0.02373652
0.02352132
0.02317660
0.02263508
0.02195785
0.02128054
0.02071960
0.02034432
0.02016688
0.02014753
0.02015266
0.01997942
0.01944092
0.01853204
0.01752129
0.01686345
0.01692771
0.01771315
0.01876683
0.01946871
0.01949218
0.01912906
0.01918924
0.02050512
0.02336110
0.02727694
0.03130801
0.03467939
0.03725801
0.03952539
0.04204587
0.04487140
0.04735112
0.04852725
0.04782052
0.04552267
0.04268206
0.04046964
0.03945178
0.03928865
0.03905517
0.03790567
0.03561491
0.03264377
0.02974912
0.02748155
0.02592103
0.02481232
0.02389951
0.02316817
0.02279392
0.02290721
0.02340299
0.02398231
0.02438736
0.02463430
0.02501891
0.02587064
0.02722430
0.02869947
0.02966860
0.02962151
0.02845072
0.02646375
0.02412094
0.02172087
0.01923733
0.01646905
0.01332347
0.01002172
0.00703817
0.00483096
0.00355445
0.00298424
0.00269134
0.00235382
0.00195082
0.00172254
0.00192887
0.00263380
0.00367092
0.00482016
0.00601662
0.00743405
0.00934529
0.01188817
0.01490951
0.01805220
0.02099400
0.02367258
0.02629001
0.02911255
0.03220125
0.03531320
0.03802147
0.03999115
0.04117662
0.04179781
0.04211626
0.04221126
0.04191568
0.04096500
0.03920271
0.03670888
0.03374706
0.03061359
0.02749165
0.02444393
0.02146987
0.01857398
0.01574681
0.01292339
0.00997893
0.00681075
0.00341382
-0.00010825
-0.00366689
-0.00733986
-0.01140871
-0.01619364
-0.02179312
-0.02793569
-0.03410436
-0.03985648
-0.04509395
-0.05006020
-0.05505182
-0.06009379
-0.06489363
-0.06915931
-0.07302177
-0.07715196
-0.08235471
-0.08887245
-0.09595607
-0.10214770
-0.10622240
-0.10817070
-0.10953720
-0.11267920
-0.11936000
-0.12961060
-0.14164640
-0.15285640
-0.16128150
-0.16652440
-0.16965580
-0.17211440
-0.17466450
-0.17690820
-0.17776510
-0.17637820
-0.17275730
-0.16760630
-0.16170070
-0.15519380
-0.14746230
-0.13758800
-0.12509320
-0.11030300
-0.09426784
-0.07829832
-0.06342891
-0.05021860
-0.03886399
-0.02940302
-0.02184280
-0.01611512
-0.01200037
-0.00912832
-0.00712215
-0.00573618
-0.00490765
-0.00467399
-0.00506232
-0.00603127
-0.00751215
-0.00946815
-0.01191088
-0.01483297
-0.01814382
-0.02166569
-0.02521930
-0.02869637
-0.03205927
-0.03525280
-0.03811390
-0.04037856
-0.04179742
-0.04228952
-0.04200091
-0.04120505
-0.04013305
-0.03884756
-0.03728294
-0.03537436
-0.03318138
-0.03088506
-0.02866253
-0.02654273
-0.02436505
-0.02187701
-0.01890377
-0.01544064
-0.01164018
-0.00768787
-0.00371705
0.00021474
0.00405326
0.00768832
0.01095463
0.01371812
0.01595601
0.01775656
0.01922437
0.02036504
0.02104542
0.02108446
0.02039806
0.01910707
0.01749756
0.01587999
0.01442043
0.01310483
0.01184822
0.01066422
0.00975274
0.00942288
0.00988554
0.01108688
0.01269949
0.01431438
0.01566895
0.01677488
0.01782856
0.01899472
0.02024933
0.02138884
0.02221505
0.02270997
0.02306904
0.02355069
0.02426979
0.02513197
0.02595715
0.02669377
0.02750365
0.02863916
0.03018954
0.03195951
0.03363229
0.03514641
0.03697728
0.04002711
0.04508932
0.05221528
0.06045380
0.06823456
0.07421590
0.07807807
0.08071482
0.08367391
0.08821906
0.09460153
0.10200270
0.10913270
0.11496720
0.11922140
0.12217950
0.12428070
0.12561700
0.12598450
0.12505660
0.12284330
0.11967130
0.11601000
0.11210370
0.10785030
0.10296470
0.09728458
0.09098129
0.08451152
0.07830917
0.07251902
0.06694701
0.06127350
0.05535066
0.04934797
0.04366273
0.03867288
0.03452682
0.03110686
0.02816945
0.02552866
0.02314001
0.02104395
0.01924487
0.01764146
0.01605964
0.01435939
0.01252663
0.01067020
0.00893996
0.00742725
0.00612853
0.00499212
0.00400828
0.00326632
0.00293833
0.00319656
0.00412551
0.00568541
0.00774989
0.01018200
0.01289839
0.01586685
0.01907082
0.02245416
0.02592331
0.02939042
0.03282080
0.03625421
0.03977032
0.04343441
0.04726057
0.05121315
0.05522905
0.05920934
0.06299375
0.06632625
0.06887038
0.07029471
0.07038067
0.06911682
0.06669157
0.06341959
0.05964285
0.05566693
0.05175350
0.04811638
0.04492405
0.04226387
0.04013238
0.03845354
0.03712174
0.03603856
0.03511473
0.03423164
0.03323950
0.03200009
0.03046736
0.02872524
0.02694366
0.02525962
0.02366468
0.02198280
0.01995340
0.01735441
0.01406838
0.01008022
0.00541732
0.00013784
-0.00564700
-0.01177858
-0.01814294
-0.02483618
-0.03223684
-0.04086305
-0.05100343
-0.06235300
-0.07397756
-0.08474906
-0.09405523
-0.10230490
-0.11076030
-0.12076690
-0.13267000
-0.14524690
-0.15617090
-0.16306720
-0.16482160
-0.16209740
-0.15685460
-0.15118330
-0.14617510
-0.14158480
-0.13634200
-0.12948780
-0.12094020
-0.11151490
-0.10234520
-0.09428595
-0.08747233
-0.08152032
-0.07591134
-0.07033697
-0.06475144
-0.05920314
-0.05364926
-0.04793694
-0.04195361
-0.03577918
-0.02969690
-0.02404073
-0.01900796
-0.01458792
-0.01064249
-0.00708193
-0.00398112
-0.00155318
0.00000643
0.00066783
0.00060594
0.00009977
-0.00061816
-0.00146742
-0.00250252
-0.00380223
-0.00534518
-0.00697370
-0.00845538
-0.00959170
-0.01027802
-0.01049219
-0.01022992
-0.00945876
-0.00813662
-0.00627591
-0.00397508
-0.00137350
0.00146098
0.00460337
0.00822856
0.01245305
0.01718080
0.02208126
0.02675090
0.03097195
0.03487250
0.03883970
0.04322679
0.04803142
0.05280205
0.05684923
0.05964015
0.06112714
0.06177806
0.06228317
0.06315340
0.06445914
0.06587508
0.06696889
0.06750356
0.06757503
0.06750181
0.06757349
0.06785218
0.06814106
0.06814639
0.06768275
0.06679458
0.06571232
0.06469360
0.06383905
0.06301819
0.06194018
0.06034417
0.05816985
0.05562012
0.05304976
0.05075709
0.04878462
0.04687243
0.04461531
0.04174024
0.03830112
0.03468142
0.03135207
0.02857389
0.02620556
0.02381496
0.02097026
0.01758211
0.01397655
0.01069954
0.00813695
0.00625248
0.00460234
0.00264016
0.00007350
-0.00294924
-0.00598244
-0.00860829
-0.01072600
-0.01256787
-0.01448641
-0.01664550
-0.01888836
-0.02084039
-0.02218062
-0.02285361
-0.02308192
-0.02315310
-0.02319380
-0.02307325
-0.02252639
-0.02135832
-0.01959571
-0.01745557
-0.01517864
-0.01286507
-0.01046684
-0.00791492
-0.00529878
-0.00290862
-0.00112169
-0.00018296
-0.00005972
-0.00044971
-0.00097221
-0.00137673
-0.00165285
-0.00195426
-0.00244529
-0.00315849
-0.00397367
-0.00467972
-0.00509406
-0.00512378
-0.00477198
-0.00408393
-0.00312281
-0.00195518
-0.00065145
0.00075223
0.00227419
0.00398660
0.00594695
0.00813307
0.01040989
0.01261222
0.01469523
0.01685777
0.01950594
0.02305565
0.02767647
0.03316727
0.03902447
0.04470402
0.04986645
0.05448115
0.05870328
0.06263970
0.06616916
0.06896020
0.07061923
0.07090212
0.06981483
0.06760280
0.06461652
0.06119068
0.05756781
0.05390942
0.05031725
0.04685775
0.04356016
0.04043318
0.03746210
0.03462377
0.03188318
0.02921622
0.02659917
0.02404239
0.02157083
0.01922109
0.01696393
0.01466214
0.01206531
0.00893123
0.00513785
0.00078318
-0.00386372
-0.00848119
-0.01286110
-0.01696627
-0.02087787
-0.02465664
-0.02827766
-0.03166270
-0.03479905
-0.03778325
-0.04078912
-0.04391206
-0.04706171
-0.04996127
-0.05232565
-0.05404817
-0.05528728
-0.05634068
-0.05744732
-0.05863232
-0.05974096
-0.06058629
-0.06113012
-0.06150017
-0.06187819
-0.06230741
-0.06263267
-0.06259778
-0.06203557
-0.06096844
-0.05960568
-0.05817542
-0.05680218
-0.05545252
-0.05403461
-0.05252275
-0.05102413
-0.04970606
-0.04869824
-0.04800444
-0.04752370
-0.04709099
-0.04656657
-0.04586055
-0.04494435
-0.04382318
-0.04255008
-0.04123206
-0.04001794
-0.03904261
-0.03839774
-0.03813950
-0.03833609
-0.03908046
-0.04046358
-0.04247583
-0.04493458
-0.04747622
-0.04969450
-0.05131614
-0.05231548
-0.05284674
-0.05308734
-0.05306376
-0.05262786
-0.05155166
-0.04972258
-0.04724287
-0.04440086
-0.04149985
-0.03870795
-0.03600688
-0.03325756
-0.03028112
-0.02694339
-0.02317237
-0.01898494
-0.01450804
-0.01005348
-0.00609041
-0.00312000
-0.00142172
-0.00088012
-0.00098043
-0.00104917
-0.00056304
0.00060808
0.00222406
0.00390361
0.00543741
0.00690948
0.00859986
0.01072328
0.01326120
0.01595026
0.01847797
0.02067942
0.02263698
0.02454573
0.02651251
0.02841508
0.02995958
0.03085455
0.03099865
0.03051639
0.02967512
0.02869419
0.02764385
0.02644563
0.02502196
0.02338519
0.02166980
0.02003600
0.01858887
0.01730803
0.01608530
0.01478914
0.01336137
0.01182055
0.01024794
0.00873230
0.00737135
0.00622578
0.00530354
0.00451448
0.00370052
0.00267902
0.00135742
-0.00019589
-0.00172772
-0.00292936
-0.00359386
-0.00374438
-0.00358374
-0.00336236
-0.00319325
-0.00298836
-0.00249848
-0.00149649
0.00008337
0.00209417
0.00429692
0.00648462
0.00857917
0.01060128
0.01261287
0.01462563
0.01659749
0.01847867
0.02030057
0.02218796
0.02432606
0.02686400
0.02987114
0.03327211
0.03687902
0.04042583
0.04369922
0.04661169
0.04925981
0.05185794
0.05462542
0.05759700
0.06054201
0.06301576
0.06460213
0.06514324
0.06484566
0.06415007
0.06347614
0.06295010
0.06234453
0.06123089
0.05929625
0.05652019
0.05317082
0.04959481
0.04602618
0.04248700
0.03888573
0.03517721
0.03149124
0.02806641
0.02510973
0.02264544
0.02054048
0.01858630
0.01664249
0.01468323
0.01278227
0.01101481
0.00942349
0.00801564
0.00682988
0.00592002
0.00531635
0.00494946
0.00468729
0.00439395
0.00404110
0.00372100
0.00360643
0.00379758
0.00424501
0.00476093
0.00518788
0.00551746
0.00593602
0.00670142
0.00800443
0.00982841
0.01197148
0.01414839
0.01617846
0.01803417
0.01982252
0.02165661
0.02358063
0.02552191
0.02733065
0.02884862
0.03000154
0.03080560
0.03134651
0.03170569
0.03194164
0.03204185
0.03194632
0.03156095
0.03083096
0.02974396
0.02833671
0.02665379
0.02475493
0.02268346
0.02048880
0.01820618
0.01588913
0.01356880
0.01127623
0.00903652
0.00693150
0.00506496
0.00352706
0.00230196
0.00127662
0.00027146
-0.00083170
-0.00201735
-0.00310408
-0.00389220
-0.00432054
-0.00458886
-0.00506289
-0.00610641
-0.00786611
-0.01021707
-0.01282480
-0.01537876
-0.01774273
-0.02000189
-0.02229752
-0.02469549
-0.02708599
-0.02927265
-0.03108176
-0.03250148
-0.03368533
-0.03487245
-0.03622559
-0.03778411
-0.03946264
-0.04117090
-0.04285658
-0.04457725
-0.04647709
-0.04874852
-0.05152966
-0.05485191
-0.05858271
-0.06246343
-0.06614220
-0.06934795
-0.07200467
-0.07432803
-0.07671344
-0.07959190
-0.08320846
-0.08752985
-0.09222765
-0.09684210
-0.10095640
-0.10435900
-0.10705150
-0.10917330
-0.11090710
-0.11237530
-0.11352770
-0.11423140
-0.11427200
-0.11354750
-0.11210900
-0.11021190
-0.10820230
-0.10640670
-0.10490710
-0.10360130
-0.10225480
-0.10066540
-0.09878536
-0.09662528
-0.09411185
-0.09098877
-0.08681075
-0.08119732
-0.07410005
-0.06597120
-0.05761217
-0.04987619
-0.04333273
-0.03813735
-0.03409595
-0.03092540
-0.02843844
-0.02660918
-0.02544617
-0.02491343
-0.02491526
-0.02540541
-0.02642416
-0.02809458
-0.03047707
-0.03345716
-0.03668116
-0.03970626
-0.04218364
-0.04400191
-0.04523186
-0.04601597
-0.04643300
-0.04649693
-0.04618873
-0.04556434
-0.04475637
-0.04392554
-0.04313692
-0.04236545
-0.04155339
-0.04072576
-0.03996674
-0.03937282
-0.03892184
-0.03845526
-0.03772175
-0.03655963
-0.03500403
-0.03329309
-0.03167831
-0.03027351
-0.02897796
-0.02759135
-0.02595004
-0.02408407
-0.02218879
-0.02051354
-0.01915884
-0.01804058
-0.01694291
-0.01570422
-0.01428730
-0.01282118
-0.01149097
-0.01043999
-0.00966810
-0.00907966
-0.00855409
-0.00804373
-0.00754908
-0.00710742
-0.00672967
-0.00641076
-0.00611662
-0.00585881
-0.00570128
-0.00575451
-0.00606576
-0.00659029
-0.00717978
-0.00768021
-0.00798843
-0.00814157
-0.00828382
-0.00859360
-0.00912589
-0.00978065
-0.01033500
-0.01059061
-0.01045181
-0.00999081
-0.00935931
-0.00868663
-0.00793866
-0.00695549
-0.00555515
-0.00369958
-0.00151249
0.00076532
0.00294602
0.00500245
0.00712595
0.00957733
0.01252204
0.01589253
0.01945546
0.02293618
0.02619415
0.02926165
0.03232275
0.03554643
0.03898188
0.04253903
0.04612133
0.04971237
0.05341711
0.05736988
0.06166210
0.06624953
0.07099874
0.07574828
0.08043326
0.08503817
0.08951818
0.09369947
0.09733897
0.10022710
0.10236020
0.10394170
0.10531880
0.10671730
0.10802320
0.10883890
0.10870660
0.10741160
0.10518820
0.10258740
0.10024270
0.09845415
0.09709883
0.09570864
0.09385661
0.09142836
0.08872769
0.08627077
0.08452477
0.08363997
0.08343420
0.08353620
0.08366497
0.08373467
0.08384716
0.08411766
0.08459628
0.08520772
0.08585574
0.08649638
0.08721575
0.08812597
0.08926052
0.09047257
0.09153672
0.09223918
0.09251087
0.09240260
0.09203879
0.09145968
0.09059204
0.08927332
0.08743869
0.08517064
0.08267813
0.08013939
0.07762854
0.07506350
0.07233540
0.06941427
0.06646072
0.06371325
0.06134616
0.05932145
0.05746539
0.05558473
0.05364707
0.05180611
0.05035804
0.04954030
0.04943557
0.04995485
0.05100167
0.05253806
0.05460793
0.05721126
0.06024506
0.06345669
0.06656091
0.06935142
0.07182018
0.07405109
0.07609455
0.07781435
0.07895411
0.07923804
0.07854283
0.07691288
0.07453471
0.07154635
0.06797883
0.06377148
0.05897286
0.05382420
0.04875320
0.04417027
0.04032228
0.03715223
0.03439458
0.03173653
0.02906050
0.02645967
0.02415692
0.02229242
0.02086997
0.01974198
0.01874280
0.01777697
0.01689308
0.01616295
0.01559422
0.01503530
0.01428605
0.01317946
0.01168661
0.00987727
0.00788015
0.00574297
0.00341926
0.00079151
-0.00216885
-0.00537540
-0.00863183
-0.01176487
-0.01466017
-0.01731929
-0.01978420
-0.02209128
-0.02418186
-0.02597700
-0.02743827
-0.02865092
-0.02974087
-0.03083123
-0.03195181
-0.03306344
-0.03408401
-0.03500908
-0.03593690
-0.03705672
-0.03848121
-0.04020516
-0.04207236
-0.04391209
-0.04559465
-0.04714492
-0.04869797
-0.05045013
-0.05249481
-0.05482853
-0.05735366
-0.05998092
-0.06263047
-0.06528033
-0.06792992
-0.07061132
-0.07332309
-0.07606908
-0.07882477
-0.08156102
-0.08416676
-0.08650452
-0.08844526
-0.08997097
-0.09113141
-0.09203516
-0.09271219
-0.09307495
-0.09286661
-0.09182001
-0.08980426
-0.08698376
-0.08373585
-0.08053111
-0.07771669
-0.07542716
-0.07356132
-0.07194028
-0.07044775
-0.06911939
-0.06802674
-0.06720751
-0.06657592
-0.06598899
-0.06528498
-0.06440657
-0.06338225
-0.06228544
-0.06109591
-0.05970864
-0.05797346
-0.05583299
-0.05331650
-0.05054284
-0.04762339
-0.04462732
-0.04154264
-0.03838143
-0.03523451
-0.03231794
-0.02983805
-0.02792732
-0.02656535
-0.02565318
-0.02503686
-0.02463489
-0.02443471
-0.02448109
-0.02475723
-0.02518936
-0.02565318
-0.02608123
-0.02644615
-0.02680185
-0.02721164
-0.02773759
-0.02835648
-0.02902734
-0.02970843
-0.03042517
-0.03118687
-0.03199247
-0.03277967
-0.03347590
-0.03397549
-0.03421386
-0.03416467
-0.03384713
-0.03323800
-0.03230547
-0.03101496
-0.02942032
-0.02762593
-0.02579679
-0.02406969
-0.02252100
-0.02109892
-0.01970636
-0.01826796
-0.01683340
-0.01550924
-0.01442666
-0.01363392
-0.01308582
-0.01261133
-0.01203267
-0.01123687
-0.01025425
-0.00918622
-0.00817191
-0.00729775
-0.00658627
-0.00593572
-0.00519916
-0.00422649
-0.00296164
-0.00141483
0.00031033
0.00208716
0.00379294
0.00541289
0.00699130
0.00858771
0.01015660
0.01156503
0.01258642
0.01302117
0.01278285
0.01201808
0.01104948
0.01027655
0.00999232
0.01033412
0.01122491
0.01245218
0.01374586
0.01493643
0.01596697
0.01689437
0.01779432
0.01876252
0.01984203
0.02104381
0.02233034
0.02368617
0.02507276
0.02642451
0.02760590
0.02849660
0.02900693
0.02915409
0.02902482
0.02878337
0.02854810
0.02834436
0.02806513
0.02760235
0.02689377
0.02599747
0.02502570
0.02413758
0.02340967
0.02282755
0.02225855
0.02157854
0.02069036
0.01957886
0.01828066
0.01692640
0.01566902
0.01464420
0.01387126
0.01328100
0.01269474
0.01192290
0.01084095
0.00950381
0.00809140
0.00682135
0.00579231
0.00499494
0.00430872
0.00362192
0.00286788
0.00209798
0.00138210
0.00076461
0.00020030
-0.00034259
-0.00087182
-0.00132682
-0.00164950
-0.00176644
-0.00165977
-0.00133863
-0.00086251
-0.00027466
0.00033234
0.00082689
0.00102883
0.00085701
0.00035892
-0.00026925
-0.00082440
-0.00116724
-0.00134323
-0.00151066
-0.00183658
-0.00228959
-0.00265941
-0.00264956
-0.00210046
-0.00103601
0.00032691
0.00175756
0.00313002
0.00454145
0.00617180
0.00813720
0.01032734
0.01248694
0.01430592
0.01559959
0.01633529
0.01665791
0.01671540
0.01657391
0.01614570
0.01531982
0.01401037
0.01224713
0.01012107
0.00779109
0.00537384
0.00293718
0.00047504
-0.00197668
-0.00434836
-0.00650786
-0.00833439
-0.00969296
-0.01051539
-0.01079361
-0.01061177
-0.01005473
-0.00922320
-0.00819322
-0.00705417
-0.00585030
-0.00464382
-0.00350529
-0.00255734
-0.00188316
-0.00153365
-0.00147105
-0.00160451
-0.00174592
-0.00170662
-0.00133263
-0.00059092
0.00049294
0.00181447
0.00325552
0.00467981
0.00602811
0.00727604
0.00844190
0.00951375
0.01049050
0.01131900
0.01192518
0.01219781
0.01210221
0.01165882
0.01096656
0.01011437
0.00919126
0.00820210
0.00709716
0.00577628
0.00422571
0.00251174
0.00078939
-0.00080385
-0.00214617
-0.00321348
-0.00404000
-0.00471593
-0.00527051
-0.00570239
-0.00597413
-0.00609383
-0.00607068
-0.00596519
-0.00585147
-0.00584420
-0.00600606
-0.00637296
-0.00690755
-0.00754449
-0.00815119
-0.00863497
-0.00897711
-0.00929250
-0.00970334
-0.01029128
-0.01100194
-0.01170651
-0.01222746
-0.01249343
-0.01256766
-0.01264084
-0.01283128
-0.01313506
-0.01340711
-0.01350784
-0.01336473
-0.01307689
-0.01282672
-0.01279996
-0.01301590
-0.01336258
-0.01366525
-0.01384748
-0.01392266
-0.01402749
-0.01431587
-0.01494392
-0.01595852
-0.01733636
-0.01896906
-0.02071708
-0.02238955
-0.02387242
-0.02518995
-0.02657690
-0.02832077
-0.03064016
-0.03351926
-0.03675031
-0.04001296
-0.04312991
-0.04616204
-0.04938605
-0.05300570
-0.05700813
-0.06110824
-0.06495436
-0.06828129
-0.07106378
-0.07340545
-0.07538303
-0.07683223
-0.07744643
-0.07696686
-0.07542609
-0.07311665
-0.07045215
-0.06769902
-0.06488656
-0.06182638
-0.05836942
-0.05456163
-0.05068416
-0.04700180
-0.04362223
-0.04042641
-0.03725794
-0.03404780
-0.03096411
-0.02830172
-0.02633371
-0.02507585
-0.02434010
-0.02385950
-0.02349807
-0.02323571
-0.02313648
-0.02320565
-0.02337563
-0.02350090
-0.02350978
-0.02343104
-0.02337872
-0.02336833
-0.02328960
-0.02294875
-0.02224959
-0.02123649
-0.02012642
-0.01913071
-0.01835309
-0.01765420
-0.01680732
-0.01564742
-0.01423030
-0.01273076
-0.01134119
-0.01009977
-0.00890360
-0.00754376
-0.00590522
-0.00403192
-0.00213325
-0.00037912
0.00117095
0.00260762
0.00403633
0.00552828
0.00700944
0.00832034
0.00927140
0.00981046
0.01000112
0.00999625
0.00990577
0.00980561
0.00967725
0.00946431
0.00907555
0.00849567
0.00775494
0.00695037
0.00618047
0.00558938
0.00528204
0.00531388
0.00562401
0.00612250
0.00668437
0.00722245
0.00766869
0.00803813
0.00834594
0.00859525
0.00871710
0.00865905
0.00836711
0.00783718
0.00707532
0.00616190
0.00518523
0.00424695
0.00339779
0.00269753
0.00215935
0.00177498
0.00148049
0.00125159
0.00108116
0.00101320
0.00108255
0.00135536
0.00184621
0.00252604
0.00328807
0.00406151
0.00481017
0.00558068
0.00643837
0.00748845
0.00876597
0.01022527
0.01170988
0.01308710
0.01427470
0.01530717
0.01626109
0.01725580
0.01833219
0.01944319
0.02044408
0.02124600
0.02183386
0.02230329
0.02275639
0.02330535
0.02397072
0.02471652
0.02544617
0.02611343
0.02669828
0.02721464
0.02765130
0.02804012
0.02841886
0.02884952
0.02934546
0.02990669
0.03046190
0.03091810
0.03117739
0.03125005
0.03120853
0.03115776
0.03113353
0.03115215
0.03118514
0.03123744
0.03131199
0.03146524
0.03169908
0.03195942
0.03210958
0.03206394
0.03179499
0.03136381
0.03082237
0.03021781
0.02951427
0.02864348
0.02751357
0.02612872
0.02453991
0.02282763
0.02100290
0.01906419
0.01698461
0.01478985
0.01254808
0.01043897
0.00864441
0.00730336
0.00640582
0.00586466
0.00552124
0.00525049
0.00497539
0.00474871
0.00464918
0.00472614
0.00489900
0.00504859
0.00505075
0.00489127
0.00465056
0.00451688
0.00462024
0.00495720
0.00533011
0.00550927
0.00531540
0.00473876
0.00389176
0.00299800
0.00223496
0.00169044
0.00131087
0.00101507
0.00069212
0.00025615
-0.00038281
-0.00122874
-0.00223793
-0.00330643
-0.00436255
-0.00534489
-0.00627086
-0.00717790
-0.00810828
-0.00899940
-0.00976323
-0.01034509
-0.01083960
-0.01139423
-0.01214679
-0.01308291
-0.01405681
-0.01481852
-0.01522534
-0.01531692
-0.01531669
-0.01540114
-0.01560089
-0.01576182
-0.01571981
-0.01539830
-0.01492701
-0.01454020
-0.01445106
-0.01465483
-0.01499017
-0.01524801
-0.01534670
-0.01530262
-0.01519633
-0.01504007
-0.01479295
-0.01433579
-0.01361951
-0.01268501
-0.01167903
-0.01071493
-0.00987466
-0.00919768
-0.00875635
-0.00857377
-0.00861902
-0.00875428
-0.00884112
-0.00880572
-0.00879356
-0.00909977
-0.00999679
-0.01140175
-0.01282952
-0.01356171
-0.01308821
-0.01138461
-0.00900467
-0.00675619
-0.00527384
-0.00462707
-0.00439580
-0.00398815
-0.00308598
-0.00175695
-0.00036957
0.00074144
0.00147092
0.00202181
0.00266006
0.00351573
0.00446753
0.00532953
0.00598402
0.00648840
0.00695611
0.00748008
0.00800000
0.00837690
0.00848557
0.00838417
0.00823500
0.00818929
0.00821910
0.00818596
0.00791510
0.00736075
0.00660412
0.00583792
0.00517598
0.00460152
0.00397206
0.00322268
0.00241730
0.00175074
0.00137539
0.00134307
0.00152423
0.00171629
0.00172774
0.00152906
0.00118739
0.00080848
0.00042164
0.00004208
-0.00034071
-0.00071149
-0.00108941
-0.00149056
-0.00198127
-0.00260489
-0.00335875
-0.00409500
-0.00462102
-0.00478556
-0.00461254
-0.00423047
-0.00383315
-0.00355112
-0.00344869
-0.00348043
-0.00360027
-0.00376859
-0.00397409
-0.00412824
-0.00412169
-0.00387834
-0.00348940
-0.00315465
-0.00312934
-0.00353824
-0.00431587
-0.00517453
-0.00582210
-0.00612492
-0.00621685
-0.00632417
-0.00661495
-0.00703747
-0.00738699
-0.00739897
-0.00697179
-0.00620794
-0.00537081
-0.00465205
-0.00410184
-0.00361383
-0.00307645
-0.00241193
-0.00165120
-0.00085504
-0.00008185
0.00070881
0.00157159
0.00253620
0.00353906
0.00452872
0.00547974
0.00643858
0.00743984
0.00850476
0.00955910
0.01049326
0.01120951
0.01176861
0.01233805
0.01311137
0.01414486
0.01534351
0.01647705
0.01733095
0.01780747
0.01804121
0.01827708
0.01874747
0.01950046
0.02044921
0.02141545
0.02227241
0.02298049
0.02362632
0.02428041
0.02494561
0.02550788
0.02589462
0.02612857
0.02636537
0.02677243
0.02744479
0.02827222
0.02899560
0.02932013
0.02915102
0.02860865
0.02796420
0.02740844
0.02698128
0.02652045
0.02581685
0.02472566
0.02330909
0.02173855
0.02018836
0.01870234
0.01726840
0.01585689
0.01452295
0.01335009
0.01243026
0.01172666
0.01108632
0.01029097
0.00925661
0.00806520
0.00693707
0.00604577
0.00545630
0.00504920
0.00463231
0.00403456
0.00326546
0.00245187
0.00175673
0.00122509
0.00081729
0.00042096
-0.00002646
-0.00051745
-0.00092152
-0.00110680
-0.00099625
-0.00063643
-0.00009132
0.00057524
0.00135562
0.00223781
0.00323144
0.00429803
0.00539102
0.00645397
0.00751023
0.00859295
0.00970829
0.01075050
0.01159422
0.01213808
0.01241875
0.01257500
0.01282407
0.01328333
0.01389448
0.01442195
0.01467614
0.01462531
0.01446841
0.01447880
0.01486556
0.01558180
0.01636738
0.01688772
0.01702461
0.01693502
0.01697501
0.01741884
0.01832278
0.01943585
0.02037751
0.02083151
0.02077153
0.02039736
0.01998346
0.01965414
0.01937387
0.01898139
0.01837367
0.01756695
0.01674811
0.01611282
0.01575910
0.01560316
0.01551773
0.01539152
0.01523564
0.01512141
0.01515936
0.01538083
0.01574518
0.01614919
0.01655640
0.01698089
0.01748091
0.01804708
0.01864298
0.01917355
0.01957870
0.01983384
0.02001566
0.02020359
0.02043230
0.02062412
0.02067534
0.02048477
0.02001991
0.01928863
0.01837088
0.01731941
0.01617010
0.01489516
0.01350006
0.01198038
0.01034457
0.00855791
0.00661588
0.00452583
0.00235276
0.00016736
-0.00193664
-0.00394220
-0.00590301
-0.00794059
-0.01009664
-0.01231915
-0.01445990
-0.01640903
-0.01812135
-0.01968292
-0.02121269
-0.02279461
-0.02435601
-0.02576464
-0.02694761
-0.02804394
-0.02931768
-0.03104448
-0.03329947
-0.03591159
-0.03850217
-0.04072986
-0.04246262
-0.04384561
-0.04510616
-0.04640459
-0.04771816
-0.04893495
-0.04994050
-0.05075774
-0.05150218
-0.05227900
-0.05299693
-0.05341195
-0.05325064
-0.05244771
-0.05117972
-0.04982818
-0.04875603
-0.04815602
-0.04792337
-0.04777841
-0.04741521
-0.04667447
-0.04552184
-0.04403566
-0.04231687
-0.04046730
-0.03852923
-0.03652270
-0.03443879
-0.03228023
-0.03001987
-0.02766455
-0.02525931
-0.02291101
-0.02068430
-0.01858293
-0.01652654
-0.01442818
-0.01221473
-0.00990690
-0.00758244
-0.00535072
-0.00323434
-0.00120412
0.00078455
0.00268883
0.00442242
0.00587208
0.00700062
0.00785454
0.00859068
0.00934466
0.01016322
0.01094577
0.01156603
0.01192531
0.01204068
0.01199594
0.01193178
0.01193197
0.01200861
0.01207303
0.01204768
0.01186835
0.01152371
0.01101080
0.01037749
0.00966702
0.00892677
0.00816357
0.00739349
0.00660438
0.00578256
0.00488998
0.00393224
0.00292508
0.00191184
0.00092211
0.00002633
-0.00070735
-0.00120930
-0.00146812
-0.00149321
-0.00134835
-0.00110587
-0.00084806
-0.00059480
-0.00035566
-0.00014500
-0.00003689
-0.00008985
-0.00033045
-0.00069164
-0.00105857
-0.00128786
-0.00133656
-0.00128863
-0.00134150
-0.00163250
-0.00216307
-0.00275987
-0.00320069
-0.00330585
-0.00307205
-0.00263501
-0.00218062
-0.00175552
-0.00125403
-0.00047797
0.00068284
0.00219721
0.00386853
0.00546808
0.00683696
0.00799742
0.00906645
0.01016016
0.01127640
0.01235669
0.01332590
0.01418891
0.01500195
0.01585986
0.01677598
0.01766447
0.01836128
0.01876224
0.01887259
0.01881150
0.01871269
0.01868321
0.01873029
0.01880387
0.01882643
0.01879903
0.01876558
0.01878507
0.01882590
0.01880259
0.01857015
0.01801743
0.01711382
0.01597565
0.01478748
0.01372580
0.01283847
0.01207361
0.01130668
0.01045614
0.00952652
0.00866680
0.00805266
0.00779543
0.00784538
0.00807397
0.00834305
0.00862192
0.00897474
0.00953442
0.01035768
0.01137748
0.01240574
0.01329326
0.01399413
0.01458788
0.01516433
0.01575809
0.01627745
0.01656729
0.01650510
0.01612378
0.01557307
0.01503566
0.01458389
0.01419642
0.01377321
0.01323890
0.01256778
0.01181924
0.01104617
0.01027608
0.00948607
0.00868803
0.00791824
0.00722693
0.00658935
0.00592680
0.00511127
0.00406643
0.00280179
0.00145318
0.00016866
-0.00096922
-0.00200937
-0.00303436
-0.00409796
-0.00514997
-0.00609171
-0.00681692
-0.00732552
-0.00772106
-0.00818074
-0.00881437
-0.00963466
-0.01054589
-0.01143017
-0.01216651
-0.01270504
-0.01305680
-0.01331067
-0.01355335
-0.01387153
-0.01429980
-0.01484440
-0.01544509
-0.01604075
-0.01658733
-0.01710028
-0.01756532
-0.01793754
-0.01810372
-0.01796388
-0.01746607
-0.01669491
-0.01582579
-0.01506168
-0.01446596
-0.01395892
-0.01336215
-0.01255624
-0.01152602
-0.01038355
-0.00925444
-0.00820786
-0.00718355
-0.00608937
-0.00488583
-0.00365743
-0.00252100
-0.00155189
-0.00070413
0.00013641
0.00109399
0.00218406
0.00331814
0.00435731
0.00525862
0.00609346
0.00700824
0.00808942
0.00932109
0.01056073
0.01164094
0.01244582
0.01302009
0.01352311
0.01416474
0.01507566
0.01628133
0.01764522
0.01893147
0.01987817
0.02036883
0.02048841
0.02052824
0.02082197
0.02159415
0.02279991
0.02415758
0.02530820
0.02608857
0.02663341
0.02729543
0.02837257
0.02989957
0.03157759
0.03295567
0.03372178
0.03394321
0.03401785
0.03442695
0.03539796
0.03676891
0.03806135
0.03876322
0.03858884
0.03763626
0.03626348
0.03486722
0.03364525
0.03256111
0.03139842
0.02994503
0.02810501
0.02598456
0.02380394
0.02178853
0.02004016
0.01853374
0.01713126
0.01569011
0.01413259
0.01251907
0.01099317
0.00970695
0.00871744
0.00799118
0.00741796
0.00689191
0.00633765
0.00574806
0.00512527
0.00446384
0.00373802
0.00298063
0.00229295
0.00183463
0.00172245
0.00198341
0.00250579
0.00310714
0.00361972
0.00400605
0.00433617
0.00471905
0.00518045
0.00565369
0.00600099
0.00612416
0.00602113
0.00582250
0.00569053
0.00572710
0.00589060
0.00604824
0.00603484
0.00575502
0.00520679
0.00449899
0.00376820
0.00312659
0.00260478
0.00218909
0.00183099
0.00149322
0.00114919
0.00081531
0.00051248
0.00025590
0.00002236
-0.00021046
-0.00046720
-0.00074945
-0.00105810
-0.00138076
-0.00173355
-0.00215381
-0.00270193
-0.00340045
-0.00423685
-0.00515847
-0.00611979
-0.00707801
-0.00802102
-0.00894344
-0.00984820
-0.01070761
-0.01149607
-0.01219372
-0.01281384
-0.01335746
-0.01381850
-0.01416628
-0.01437944
-0.01445489
-0.01443352
-0.01437534
-0.01434161
-0.01433445
-0.01433344
-0.01434053
-0.01444863
-0.01480662
-0.01556448
-0.01674867
-0.01820927
-0.01962500
-0.02066952
-0.02116422
-0.02119380
-0.02102142
-0.02093380
-0.02104396
-0.02123658
-0.02121519
-0.02071431
-0.01964845
-0.01816837
-0.01652922
-0.01493902
-0.01343966
-0.01194119
-0.01030210
-0.00847023
-0.00650035
-0.00451015
-0.00255250
-0.00057652
0.00155139
0.00394295
0.00663692
0.00956382
0.01259198
0.01556531
0.01835606
0.02084702
0.02293700
0.02453437
0.02561662
0.02623384
0.02648991
0.02647160
0.02622072
0.02571393
0.02491225
0.02380753
0.02247955
0.02104544
0.01962052
0.01825778
0.01697975
0.01580370
0.01478779
0.01401766
0.01359332
0.01355251
0.01385852
0.01440114
0.01506415
0.01574964
0.01640856
0.01700825
0.01754890
0.01802727
0.01844344
0.01878411
0.01904427
0.01921465
0.01930139
0.01932074
0.01931669
0.01932386
0.01935042
0.01935246
0.01928005
0.01910474
0.01885283
0.01858236
0.01835292
0.01815190
0.01789592
0.01745622
0.01675758
0.01581811
0.01475534
0.01371179
0.01278568
0.01197680
0.01119657
0.01031542
0.00925533
0.00801558
0.00667413
0.00532480
0.00403743
0.00280456
0.00155372
0.00018334
-0.00134493
-0.00297143
-0.00454032
-0.00588731
-0.00692214
-0.00771232
-0.00846225
-0.00943092
-0.01078448
-0.01252779
-0.01450961
-0.01653127
-0.01843453
-0.02018089
-0.02182709
-0.02347040
-0.02518088
-0.02699052
-0.02890603
-0.03094097
-0.03309107
-0.03532705
-0.03757509
-0.03975082
-0.04179281
-0.04370251
-0.04552932
-0.04732959
-0.04909213
-0.05072634
-0.05209007
-0.05306931
-0.05362116
-0.05381212
-0.05377742
-0.05368867
-0.05366318
-0.05373983
-0.05384799
-0.05385009
-0.05357985
-0.05294069
-0.05195440
-0.05077602
-0.04960615
-0.04858613
-0.04771104
-0.04684296
-0.04578835
-0.04442777
-0.04277957
-0.04097614
-0.03914940
-0.03733691
-0.03547141
-0.03345994
-0.03128747
-0.02907007
-0.02700668
-0.02526541
-0.02386505
-0.02267774
-0.02152115
-0.02029302
-0.01903343
-0.01789820
-0.01704048
-0.01650901
-0.01620820
-0.01596955
-0.01565241
-0.01523115
-0.01476715
-0.01434187
-0.01396863
-0.01356872
-0.01301089
-0.01220610
-0.01116991
-0.01004176
-0.00900012
-0.00818319
-0.00761352
-0.00720631
-0.00682106
-0.00635419
-0.00579515
-0.00522952
-0.00477321
-0.00450516
-0.00442174
-0.00445265
-0.00450285
-0.00451479
-0.00448849
-0.00446554
-0.00447655
-0.00451777
-0.00455409
-0.00455785
-0.00452889
-0.00450004
-0.00450467
-0.00454975
-0.00460108
-0.00461551
-0.00457891
-0.00452717
-0.00451392
-0.00456822
-0.00465901
-0.00470880
-0.00463263
-0.00438940
-0.00399185
-0.00347938
-0.00286386
-0.00211376
-0.00117694
-0.00003312
0.00128428
0.00270515
0.00418236
0.00573610
0.00745495
0.00942908
0.01167504
0.01409652
0.01652398
0.01878642
0.02077628
0.02247151
0.02391061
0.02515811
0.02629121
0.02740708
0.02862176
0.03003663
0.03169194
0.03352985
0.03544220
0.03734042
0.03922012
0.04116012
0.04324385
0.04546145
0.04766659
0.04962386
0.05113137
0.05211163
0.05263787
0.05286124
0.05292746
0.05292557
0.05289185
0.05285286
0.05283749
0.05284969
0.05283940
0.05269958
0.05233129
0.05169896
0.05086051
0.04991174
0.04891006
0.04783599
0.04662012
0.04523283
0.04373952
0.04227700
0.04095503
0.03977047
0.03861579
0.03737328
0.03604418
0.03477821
0.03377447
0.03312160
0.03267890
0.03212890
0.03117212
0.02973484
0.02807119
0.02665323
0.02593305
0.02610740
0.02702127
0.02826135
0.02935270
0.02996153
0.02998702
0.02953910
0.02883625
0.02810281
0.02750403
0.02711929
0.02695401
0.02694980
0.02700281
0.02699145
0.02680984
0.02639572
0.02574390
0.02490216
0.02393823
0.02291400
0.02185929
0.02077279
0.01962527
0.01837970
0.01701695
0.01554181
0.01399137
0.01242039
0.01087708
0.00939431
0.00798361
0.00664429
0.00537545
0.00418148
0.00306596
0.00202703
0.00106099
0.00017236
-0.00062188
-0.00130274
-0.00187402
-0.00238103
-0.00290414
-0.00351543
-0.00422847
-0.00497684
-0.00564991
-0.00616761
-0.00654346
-0.00688668
-0.00733707
-0.00796708
-0.00873021
-0.00949241
-0.01013916
-0.01067178
-0.01122977
-0.01200718
-0.01312719
-0.01454722
-0.01607423
-0.01748099
-0.01864592
-0.01961210
-0.02054751
-0.02160740
-0.02283353
-0.02411586
-0.02527672
-0.02618571
-0.02684265
-0.02736004
-0.02787830
-0.02846492
-0.02908517
-0.02963620
-0.03003106
-0.03025664
-0.03036793
-0.03043250
-0.03046424
-0.03040208
-0.03015025
-0.02964042
-0.02888372
-0.02798014
-0.02707654
-0.02630767
-0.02574681
-0.02538175
-0.02514831
-0.02495569
-0.02473654
-0.02445516
-0.02411461
-0.02373439
-0.02332757
-0.02289210
-0.02242916
-0.02195197
-0.02149722
-0.02111587
-0.02085589
-0.02073065
-0.02072162
-0.02077682
-0.02084733
-0.02090056
-0.02091603
-0.02087843
-0.02076743
-0.02055964
-0.02024768
-0.01986010
-0.01945941
-0.01911580
-0.01886811
-0.01868871
-0.01851037
-0.01825147
-0.01787628
-0.01740413
-0.01690554
-0.01644873
-0.01605417
-0.01567690
-0.01525479
-0.01474602
-0.01416788
-0.01358044
-0.01305431
-0.01260463
-0.01217438
-0.01165329
-0.01095072
-0.01004819
-0.00901012
-0.00793566
-0.00690170
-0.00589947
-0.00484194
-0.00361287
-0.00215846
-0.00052741
0.00114114
0.00269893
0.00405828
0.00524138
0.00635000
0.00750379
0.00875829
0.01009377
0.01144343
0.01275907
0.01402469
0.01525163
0.01642851
0.01750345
0.01839268
0.01904542
0.01949504
0.01985797
0.02025965
0.02075624
0.02128647
0.02171573
0.02191854
0.02186946
0.02165306
0.02141213
0.02123142
0.02109663
0.02090675
0.02056898
0.02005372
0.01941721
0.01873672
0.01805298
0.01733167
0.01651752
0.01559630
0.01464440
0.01377212
0.01305589
0.01246516
0.01189065
0.01121219
0.01039395
0.00951812
0.00873648
0.00816093
0.00780385
0.00757399
0.00735157
0.00704236
0.00661650
0.00608318
0.00546330
0.00475679
0.00396578
0.00310650
0.00221283
0.00128936
0.00030056
-0.00081409
-0.00207317
-0.00341871
-0.00470897
-0.00579480
-0.00660198
-0.00719630
-0.00773736
-0.00838534
-0.00919668
-0.01011638
-0.01102037
-0.01180697
-0.01244265
-0.01297732
-0.01348653
-0.01403345
-0.01463956
-0.01531702
-0.01606192
-0.01684955
-0.01760149
-0.01821270
-0.01859137
-0.01872214
-0.01868973
-0.01866036
-0.01877895
-0.01907804
-0.01944340
-0.01969046
-0.01965196
-0.01928807
-0.01868651
-0.01803495
-0.01750490
-0.01717362
-0.01699013
-0.01683122
-0.01656828
-0.01615134
-0.01562010
-0.01509912
-0.01470563
-0.01448658
-0.01437048
-0.01421673
-0.01387115
-0.01324310
-0.01232734
-0.01120355
-0.00997684
-0.00873586
-0.00752040
-0.00635132
-0.00523187
-0.00416073
-0.00311635
-0.00207989
-0.00103471
0.00000878
0.00102530
0.00197040
0.00282292
0.00359094
0.00431372
0.00501236
0.00569529
0.00636680
0.00707057
0.00786897
0.00881816
0.00990137
0.01101795
0.01200200
0.01272603
0.01316644
0.01340281
0.01351069
0.01347174
0.01315327
0.01241967
0.01125050
0.00982648
0.00845067
0.00738193
0.00664851
0.00604471
0.00526870
0.00414869
0.00274065
0.00129189
0.00005488
-0.00086188
-0.00154977
-0.00217030
-0.00280354
-0.00335656
-0.00365151
-0.00355724
-0.00311047
-0.00249247
-0.00193887
-0.00158846
-0.00143387
-0.00135506
-0.00125416
-0.00112476
-0.00106994
-0.00122168
-0.00168366
-0.00246464
-0.00349394
-0.00465517
-0.00586809
-0.00710596
-0.00839835
-0.00977967
-0.01127208
-0.01284522
-0.01443154
-0.01595161
-0.01737580
-0.01871743
-0.02001920
-0.02128936
-0.02249424
-0.02356149
-0.02442977
-0.02508389
-0.02559416
-0.02606073
-0.02656896
-0.02713115
-0.02771898
-0.02826701
-0.02871306
-0.02897545
-0.02899108
-0.02870683
-0.02813085
-0.02734870
-0.02652386
-0.02580607
-0.02524129
-0.02471625
-0.02405358
-0.02312879
-0.02198671
-0.02082512
-0.01989826
-0.01933958
-0.01907777
-0.01888316
-0.01854385
-0.01799232
-0.01734088
-0.01676275
-0.01638060
-0.01615953
-0.01594876
-0.01557159
-0.01495281
-0.01411575
-0.01313485
-0.01204258
-0.01082509
-0.00943902
-0.00787411
-0.00616347
-0.00439159
-0.00262286
-0.00087829
0.00087489
0.00265088
0.00443076
0.00615305
0.00777198
0.00926887
0.01068597
0.01208913
0.01353826
0.01502302
0.01649669
0.01789064
0.01919090
0.02041044
0.02160568
0.02282625
0.02411217
0.02546535
0.02688600
0.02838197
0.02998414
0.03167597
0.03338233
0.03494772
0.03620699
0.03703391
0.03742634
0.03751067
0.03748893
0.03750800
0.03759653
0.03765438
0.03754283
0.03715800
0.03651614
0.03573859
0.03500386
0.03444462
0.03412307
0.03402995
0.03414272
0.03441270
0.03478879
0.03519036
0.03553272
0.03571297
0.03566581
0.03536767
0.03484099
0.03409201
0.03311356
0.03189437
0.03047929
0.02896229
0.02749024
0.02618737
0.02510256
0.02415978
0.02321794
0.02214460
0.02092019
0.01961636
0.01836954
0.01728601
0.01640329
0.01565124
0.01492565
0.01413894
0.01328277
0.01239610
0.01154711
0.01078180
0.01011931
0.00952463
0.00894795
0.00834586
0.00772591
0.00712105
0.00659414
0.00619063
0.00592135
0.00570848
0.00542943
0.00496656
0.00430419
0.00353775
0.00287313
0.00252896
0.00264840
0.00319439
0.00398029
0.00474193
0.00527318
0.00546911
0.00535837
0.00504166
0.00464276
0.00422579
0.00380922
0.00337685
0.00292430
0.00243315
0.00188758
0.00125894
0.00053690
-0.00028593
-0.00117982
-0.00209782
-0.00298022
-0.00381869
-0.00464275
-0.00551029
-0.00644529
-0.00743859
-0.00841720
-0.00928372
-0.00994039
-0.01036803
-0.01062044
-0.01082171
-0.01110561
-0.01159250
-0.01232526
-0.01327012
-0.01430170
-0.01529759
-0.01616604
-0.01689468
-0.01752234
-0.01813369
-0.01877466
-0.01943598
-0.02003920
-0.02052305
-0.02087135
-0.02113080
-0.02135656
-0.02159257
-0.02181126
-0.02194423
-0.02192422
-0.02178282
-0.02164251
-0.02166737
-0.02194415
-0.02244636
-0.02301596
-0.02345394
-0.02362163
-0.02355673
-0.02343283
-0.02348727
-0.02386801
-0.02458751
-0.02550284
-0.02638963
-0.02702345
-0.02729009
-0.02717836
-0.02676160
-0.02612346
-0.02535787
-0.02453108
-0.02370124
-0.02290501
-0.02219346
-0.02159929
-0.02112952
-0.02074428
-0.02041014
-0.02010252
-0.01983777
-0.01964640
-0.01958360
-0.01965646
-0.01981395
-0.01992043
-0.01984030
-0.01947762
-0.01882632
-0.01794750
-0.01695548
-0.01592481
-0.01485734
-0.01367333
-0.01230803
-0.01075289
-0.00909455
-0.00744942
-0.00592938
-0.00455315
-0.00325886
-0.00193719
-0.00055212
0.00084074
0.00210721
0.00314257
0.00391254
0.00450635
0.00507523
0.00577005
0.00662783
0.00758770
0.00853132
0.00938936
0.01015185
0.01089028
0.01169460
0.01264074
0.01372555
0.01490532
0.01611253
0.01731778
0.01849134
0.01962938
0.02072644
0.02180304
0.02286850
0.02393911
0.02501373
0.02608835
0.02712016
0.02805923
0.02886051
0.02951893
0.03003053
0.03040449
0.03064885
0.03080446
0.03091112
0.03104138
0.03125820
0.03161260
0.03207727
0.03258378
0.03304846
0.03344170
0.03377787
0.03412329
0.03454412
0.03508011
0.03568353
0.03624210
0.03660991
0.03666963
0.03633977
0.03561534
0.03455923
0.03329069
0.03189902
0.03042258
0.02882387
0.02705464
0.02507851
0.02295951
0.02085892
0.01901726
0.01761946
0.01675193
0.01636086
0.01631952
0.01645172
0.01661651
0.01671507
0.01670838
0.01655497
0.01623009
0.01570137
0.01496439
0.01399194
0.01275319
0.01121872
0.00939576
0.00731883
0.00507606
0.00277405
0.00052567
-0.00161853
-0.00364399
-0.00556025
-0.00734548
-0.00897758
-0.01041972
-0.01165332
-0.01266569
-0.01348825
-0.01416609
-0.01477138
-0.01537981
-0.01611261
-0.01708930
-0.01840144
-0.02004624
-0.02196632
-0.02403652
-0.02613307
-0.02813378
-0.02997330
-0.03160692
-0.03299968
-0.03409877
-0.03487851
-0.03533613
-0.03549983
-0.03539730
-0.03506937
-0.03453752
-0.03380873
-0.03286272
-0.03170450
-0.03035576
-0.02887115
-0.02731594
-0.02580584
-0.02445482
-0.02336087
-0.02254636
-0.02198283
-0.02158044
-0.02124540
-0.02089804
-0.02054663
-0.02024320
-0.02005603
-0.01998410
-0.01997338
-0.01990156
-0.01964811
-0.01913957
-0.01843424
-0.01768406
-0.01708480
-0.01675175
-0.01669514
-0.01679361
-0.01688490
-0.01684764
-0.01672167
-0.01665997
-0.01683999
-0.01731686
-0.01799462
-0.01865007
-0.01908004
-0.01919880
-0.01912386
-0.01906624
-0.01920448
-0.01954362
-0.01996236
-0.02027811
-0.02039086
-0.02031587
-0.02019195
-0.02014762
-0.02022465
-0.02033737
-0.02038891
-0.02033035
-0.02022276
-0.02017326
-0.02029722
-0.02061600
-0.02106945
-0.02153609
-0.02194873
-0.02230021
-0.02263328
-0.02297038
-0.02330958
-0.02359984
-0.02378602
-0.02381310
-0.02367904
-0.02340331
-0.02301628
-0.02253727
-0.02203905
-0.02162444
-0.02143118
-0.02154386
-0.02198305
-0.02263848
-0.02332855
-0.02385027
-0.02412017
-0.02418802
-0.02420694
-0.02431457
-0.02457121
-0.02489312
-0.02511303
-0.02504108
-0.02460618
-0.02384273
-0.02287230
-0.02179466
-0.02067535
-0.01951821
-0.01832951
-0.01713046
-0.01602539
-0.01512322
-0.01450772
-0.01416041
-0.01401620
-0.01397700
-0.01397660
-0.01397398
-0.01398687
-0.01402514
-0.01407573
-0.01407217
-0.01395655
-0.01367763
-0.01321928
-0.01257411
-0.01177917
-0.01087193
-0.00990104
-0.00889032
-0.00787651
-0.00687603
-0.00590135
-0.00493776
-0.00399801
-0.00309541
-0.00225253
-0.00145520
-0.00068820
0.00009176
0.00092401
0.00185686
0.00289668
0.00405079
0.00533053
0.00679077
0.00846883
0.01038434
0.01249616
0.01473543
0.01699098
0.01918449
0.02127784
0.02329487
0.02523016
0.02704629
0.02864908
0.02995410
0.03089595
0.03149316
0.03183119
0.03204586
0.03223088
0.03243139
0.03264391
0.03286462
0.03308223
0.03330201
0.03352374
0.03375877
0.03398660
0.03420541
0.03443121
0.03470801
0.03504094
0.03538722
0.03563852
0.03568692
0.03543949
0.03488418
0.03407777
0.03312944
0.03210169
0.03101172
0.02983095
0.02856142
0.02723175
0.02593374
0.02476011
0.02378532
0.02298298
0.02227856
0.02159149
0.02092582
0.02034178
0.01995360
0.01984280
0.02002263
0.02038206
0.02076493
0.02104581
0.02121857
0.02136485
0.02161722
0.02205723
0.02267468
0.02333808
0.02390258
0.02429059
0.02457045
0.02487893
0.02534560
0.02598756
0.02671102
0.02734590
0.02777875
0.02802092
0.02821609
0.02849805
0.02890750
0.02933832
0.02963952
0.02968177
0.02947815
0.02915624
0.02888833
0.02873576
0.02864235
0.02846428
0.02810347
0.02754802
0.02688741
0.02623505
0.02566315
0.02512908
0.02453888
0.02379672
0.02289430
0.02186353
0.02076835
0.01964475
0.01851082
0.01733825
0.01611360
0.01483391
0.01354283
0.01226315
0.01102311
0.00983195
0.00871279
0.00764559
0.00658923
0.00547286
0.00425415
0.00291879
0.00153378
0.00021670
-0.00089867
-0.00177801
-0.00249593
-0.00321986
-0.00409566
-0.00519839
-0.00645979
-0.00771685
-0.00877726
-0.00955780
-0.01009732
-0.01053670
-0.01100661
-0.01158251
-0.01222896
-0.01283038
-0.01323505
-0.01336733
-0.01323353
-0.01293125
-0.01258203
-0.01231748
-0.01220294
-0.01222400
-0.01226653
-0.01219989
-0.01192422
-0.01143532
-0.01082910
-0.01030210
-0.01004122
-0.01014592
-0.01055951
-0.01114363
-0.01174110
-0.01226912
-0.01272777
-0.01319157
-0.01369617
-0.01418953
-0.01452172
-0.01457549
-0.01433246
-0.01391395
-0.01349747
-0.01322890
-0.01311029
-0.01300800
-0.01273940
-0.01225055
-0.01166279
-0.01122487
-0.01113679
-0.01144457
-0.01197874
-0.01247108
-0.01270743
-0.01269896
-0.01263650
-0.01276468
-0.01317950
-0.01379629
-0.01438662
-0.01476266
-0.01487153
-0.01484573
-0.01485161
-0.01495944
-0.01504685
-0.01491910
-0.01443128
-0.01361093
-0.01262942
-0.01173662
-0.01109580
-0.01074052
-0.01058314
-0.01054102
-0.01056115
-0.01062817
-0.01069216
-0.01070409
-0.01062942
-0.01051895
-0.01047987
-0.01064381
-0.01101990
-0.01146329
-0.01172211
-0.01164227
-0.01126868
-0.01085938
-0.01070403
-0.01097098
-0.01157455
-0.01226071
-0.01275819
-0.01297517
-0.01300147
-0.01302259
-0.01315285
-0.01341880
-0.01378674
-0.01426586
-0.01491839
-0.01585141
-0.01707824
-0.01848964
-0.01987759
-0.02109827
-0.02213638
-0.02310107
-0.02409635
-0.02514975
-0.02615639
-0.02696501
-0.02746549
-0.02767844
-0.02769757
-0.02760761
-0.02738907
-0.02696865
-0.02627383
-0.02531789
-0.02419356
-0.02306934
-0.02208276
-0.02129919
-0.02068594
-0.02017371
-0.01966557
-0.01907581
-0.01832985
-0.01743105
-0.01645670
-0.01555380
-0.01485584
-0.01444150
-0.01426381
-0.01418401
-0.01402667
-0.01371130
-0.01325921
-0.01277759
-0.01234281
-0.01199074
-0.01168867
-0.01140590
-0.01113523
-0.01093916
-0.01086341
-0.01089585
-0.01092313
-0.01083519
-0.01057282
-0.01019942
-0.00983835
-0.00963518
-0.00963952
-0.00979100
-0.00993774
-0.00996447
-0.00983021
-0.00958801
-0.00930874
-0.00906376
-0.00886818
-0.00871348
-0.00857990
-0.00850261
-0.00852993
-0.00869775
-0.00896859
-0.00927699
-0.00953725
-0.00970347
-0.00976360
-0.00976814
-0.00976355
-0.01079357
-0.01075519
-0.01066057
-0.01047078
-0.01017397
-0.00976365
-0.00927926
-0.00877348
-0.00831208
-0.00791690
-0.00757400
-0.00719209
-0.00664852
-0.00583531
-0.00477327
-0.00359933
-0.00250985
-0.00161294
-0.00088209
-0.00014521
0.00077998
0.00197320
0.00331815
0.00461891
0.00575372
0.00682244
0.00807209
0.00975004
0.01189534
0.01430864
0.01663255
0.01861447
0.02024911
0.02178979
0.02350949
0.02551250
0.02764589
0.02963366
0.03125982
0.03252804
0.03362183
0.03475924
0.03598162
0.03714819
0.03804526
0.03859650
0.03890046
0.03918208
0.03960475
0.04015404
0.04061187
0.04072707
0.04038325
0.03969420
0.03889468
0.03819442
0.03764047
0.03712083
0.03643243
0.03543794
0.03413099
0.03263898
0.03109611
0.02959193
0.02813032
0.02668911
0.02524076
0.02379709
0.02239039
0.02106049
0.01979553
0.01856732
0.01734593
0.01616123
0.01506232
0.01412767
0.01340972
0.01293763
0.01267406
0.01255664
0.01251738
0.01251616
0.01251938
0.01250699
0.01246429
0.01240412
0.01233558
0.01228434
0.01226426
0.01228295
0.01229513
0.01223357
0.01204144
0.01172994
0.01136069
0.01104309
0.01085745
0.01082182
0.01082902
0.01071784
0.01034004
0.00967001
0.00878943
0.00785987
0.00700782
0.00626468
0.00552044
0.00461951
0.00346170
0.00210561
0.00072498
-0.00045804
-0.00130264
-0.00179938
-0.00208887
-0.00234502
-0.00267899
-0.00306022
-0.00338310
-0.00353682
-0.00351122
-0.00340675
-0.00342126
-0.00372180
-0.00435750
-0.00520217
-0.00604274
-0.00666714
-0.00698885
-0.00707570
-0.00714468
-0.00742599
-0.00804907
-0.00895102
-0.00993957
-0.01077798
-0.01131746
-0.01153781
-0.01154713
-0.01146436
-0.01132943
-0.01106984
-0.01060474
-0.00992837
-0.00917512
-0.00855090
-0.00824547
-0.00829928
-0.00859618
-0.00893270
-0.00918730
-0.00937949
-0.00964697
-0.01010323
-0.01075494
-0.01145648
-0.01200743
-0.01226128
-0.01223912
-0.01207922
-0.01194327
-0.01190017
-0.01192549
-0.01194087
-0.01190327
-0.01181861
-0.01174554
-0.01171329
-0.01170234
-0.01165257
-0.01156243
-0.01151386
-0.01165498
-0.01209575
-0.01286379
-0.01386127
-0.01492876
-0.01592179
-0.01680133
-0.01760848
-0.01841785
-0.01923922
-0.02002153
-0.02066163
-0.02107672
-0.02123558
-0.02119867
-0.02106849
-0.02094558
-0.02087413
-0.02087308
-0.02093498
-0.02106700
-0.02127913
-0.02160422
-0.02204821
-0.02258559
-0.02313885
-0.02363466
-0.02402219
-0.02430127
-0.02448915
-0.02462477
-0.02471363
-0.02473103
-0.02461904
-0.02435045
-0.02391977
-0.02334279
-0.02260883
-0.02170755
-0.02062334
-0.01938086
-0.01803669
-0.01668522
-0.01537565
-0.01409172
-0.01274727
-0.01129529
-0.00977366
-0.00832913
-0.00711921
-0.00623058
-0.00559383
-0.00502670
-0.00433085
-0.00343671
-0.00241464
-0.00141178
-0.00051583
0.00028534
0.00109454
0.00199621
0.00299125
0.00396563
0.00478816
0.00539383
0.00583501
0.00620105
0.00655270
0.00686539
0.00707949
0.00714812
0.00710902
0.00705874
0.00710012
0.00725287
0.00746980
0.00768474
0.00789362
0.00813707
0.00846974
0.00888884
0.00933852
0.00973639
0.01007061
0.01042191
0.01093034
0.01166590
0.01257022
0.01346343
0.01416586
0.01458933
0.01480539
0.01497929
0.01525984
0.01565876
0.01606133
0.01631013
0.01634034
0.01621858
0.01612764
0.01624076
0.01662768
0.01719007
0.01773011
0.01804750
0.01805932
0.01779881
0.01738693
0.01694052
0.01652343
0.01611039
0.01564795
0.01510823
0.01453164
0.01399067
0.01355175
0.01322155
0.01295759
0.01267787
0.01232583
0.01189242
0.01142440
0.01096862
0.01055912
0.01020313
0.00991700
0.00971679
0.00962746
0.00964754
0.00973992
0.00982128
0.00981453
0.00968885
0.00949565
0.00931736
0.00923710
0.00928371
0.00944455
0.00966132
0.00987878
0.01004997
0.01015178
0.01015680
0.01006435
0.00991066
0.00978568
0.00977844
0.00993527
0.01021321
0.01050856
0.01070359
0.01075097
0.01069867
0.01065873
0.01070335
0.01082283
0.01092717
0.01092990
0.01080293
0.01060789
0.01043935
0.01036145
0.01034038
0.01028705
0.01011766
0.00983401
0.00950336
0.00921736
0.00901980
0.00888998
0.00875235
0.00854570
0.00825634
0.00792369
0.00758418
0.00724343
0.00687406
0.00645475
0.00598702
0.00550851
0.00506280
0.00467637
0.00432520
0.00396279
0.00354847
0.00308256
0.00259002
0.00211128
0.00167875
0.00132107
0.00104892
0.00086883
0.00077149
0.00073360
0.00070236
0.00062507
0.00047195
0.00026298
0.00004219
-0.00014161
-0.00027171
-0.00036431
-0.00047058
-0.00063777
-0.00089201
-0.00122379
-0.00161542
-0.00204350
-0.00248708
-0.00291331
-0.00329024
-0.00358447
-0.00378322
-0.00389807
-0.00397875
-0.00408328
-0.00425582
-0.00449905
-0.00479119
-0.00509464
-0.00538388
-0.00564846
-0.00590252
-0.00615833
-0.00641593
-0.00665118
-0.00684414
-0.00698934
-0.00711247
-0.00725456
-0.00746276
-0.00775294
-0.00810033
-0.00844022
-0.00871509
-0.00889722
-0.00901277
-0.00911577
-0.00926811
-0.00949685
-0.00978292
-0.01006890
-0.01030826
-0.01048151
-0.01060777
-0.01071914
-0.01084835
-0.01100053
-0.01115925
-0.01129740
-0.01140235
-0.01147986
-0.01155602
-0.01165499
-0.01180072
-0.01199757
-0.01223076
-0.01246087
-0.01264632
-0.01275565
-0.01278588
-0.01276295
-0.01273928
-0.01276416
-0.01285678
-0.01299178
-0.01312294
-0.01320318
-0.01321429
-0.01316586
-0.01309134
-0.01301485
-0.01293762
-0.01283424
-0.01268375
-0.01248318
-0.01225454
-0.01202588
-0.01181769
-0.01162095
-0.01140603
-0.01113367
-0.01078939
-0.01038455
-0.00995027
-0.00951137
-0.00908221
-0.00865721
-0.00822866
-0.00779136
-0.00735798
-0.00694456
-0.00655790
-0.00618574
-0.00581031
-0.00541639
-0.00500390
-0.00458191
-0.00416412
-0.00374907
-0.00332012
-0.00285169
-0.00233896
-0.00179970
-0.00127158
-0.00078673
-0.00035765
0.00003131
0.00040793
0.00079358
0.00117905
0.00153566
0.00183150
0.00205964
0.00223620
0.00239531
0.00256571
0.00276270
0.00298019
0.00320835
0.00344201
0.00368766
0.00394598
0.00420863
0.00445511
0.00466938
0.00484491
0.00499532
0.00514317
0.00530982
0.00549538
0.00568480
0.00585691
0.00600258
0.00612202
0.00622434
0.00631543
0.00639690
0.00646064
0.00650041
0.00651424
0.00650805
0.00648377
0.00644182
0.00638265
0.00631840
0.00626799
0.00625371
0.00628375
0.00634506
0.00639859
0.00640191
0.00633083
0.00619832
0.00604229
0.00590804
0.00582116
0.00578042
0.00575923
0.00573068
0.00568252
0.00562469
0.00557199
0.00553331
0.00550258
0.00546859
0.00542140
0.00536447
0.00530977
0.00527032
0.00524429
0.00521797
0.00517256
0.00509977
0.00500233
0.00489434
0.00479104
0.00470541
0.00464058
0.00459562
0.00456568
0.00454464
0.00451848
0.00447096
0.00438915
0.00427520
0.00414359
0.00401713
0.00391084
0.00382433
0.00373737
0.00362671
0.00348164
0.00331626
0.00315892
0.00303872
0.00296777
0.00293940
0.00293246
0.00292942
0.00292497
0.00292803
0.00294798
0.00298793
0.00304121
0.00309966
0.00315692
0.00321404
0.00327437
0.00334045
0.00340734
0.00346824
0.00351836
0.00355937
0.00359193
0.00361304
0.00361362
0.00358668
0.00353276
0.00346678
0.00341146
0.00338702
0.00339625
0.00342613
0.00345721
0.00347982
0.00349706
0.00352116
0.00355847
0.00360195
0.00363093
0.00362709
0.00358838
0.00353304
0.00348511
0.00345832
0.00344537
0.00342608
0.00338133
0.00331132
0.00323475
0.00317735
0.00315055
0.00314418
0.00313281
0.00309550
0.00302769
0.00294428
0.00286728
0.00281168
0.00277589
0.00274856
0.00271874
0.00268656
0.00265914
0.00264395
0.00264036
0.00264005
0.00263247
0.00261317
0.00258564
0.00255731
0.00252931
0.00249538
0.00244493
0.00237377
0.00228612
0.00219478
0.00211073
0.00203841
0.00197152
0.00190094
0.00182179
0.00173803
0.00165778
0.00158776
0.00152772
0.00147240
0.00141466
0.00135035
0.00127846
0.00119881
0.00110800
0.00100155
0.00087731
0.00074062
0.00060159
0.00047059
0.00035152
0.00024049
0.00012891
0.00001220
-0.00010613
-0.00021472
-0.00030342
-0.00036975
-0.00042118
-0.00046954
-0.00052431
-0.00058676
-0.00065129
-0.00071024
-0.00076029
-0.00080289
-0.00084143
-0.00087643
-0.00090559
-0.00092573
-0.00093707
-0.00094417
-0.00095438
-0.00097228
-0.00099666
-0.00102076
-0.00103771
-0.00104470
-0.00104482
-0.00104374
-0.00104604
-0.00105145
-0.00105577
-0.00105400
-0.00104481
-0.00103122
-0.00101879
-0.00101175
-0.00101140
-0.00101571
-0.00102157
-0.00102648
-0.00102995
-0.00103221
-0.00103310
-0.00103129
-0.00102570
-0.00101624
-0.00100461
-0.00099315
-0.00098400
-0.00097743
-0.00097205
-0.00096565
-0.00095723
-0.00094750
-0.00093861
-0.00093251
-0.00093010
-0.00093042
-0.00093145
-0.00093099
-0.00092820
-0.00092356
-0.00091852
-0.00091436
-0.00091188
-0.00091094
-0.00091077
-0.00091025
-0.00090876
-0.00090618
-0.00090314
-0.00090053
-0.00089942
-0.00090032
-0.00090296
-0.00090616
-0.00090861
-0.00090940
-0.00090836
-0.00090595
-0.00090302
-0.00090014
-0.00089741
-0.00089460
-0.00089169
-0.00088905
-0.00088731
-0.00088690
-0.00088780
-0.00088939
-0.00089086
-0.00089160
-0.00089156
-0.00089110
-0.00089072
-0.00089073
-0.00089125
-0.00089230
-0.00089395
-0.00089629
-0.00089937
-0.00090316
-0.00090757
-0.00091252
-0.00091817
-0.00092476
-0.00093251
-0.00094149
-0.00095167
-0.00096296
-0.00097537
-0.00098891
-0.00100353
-0.00101907
-0.00103526
-0.00105192
-0.00106910
-0.00108704
-0.00110604
-0.00112621
-0.00114741
-0.00116940
-0.00119196
-0.00121503
-0.00123870
-0.00126306
-0.00128808
-0.00131364
-0.00133958
-0.00136576
-0.00139215
-0.00141871
-0.00144538


