-0.00251559
-0.00251109
-0.00250664
-0.00250214
-0.00249770
-0.00249339
-0.00248931
-0.00248541
-0.00248170
-0.00247810
-0.00247457
-0.00247092
-0.00246710
-0.00246306
-0.00245905
-0.00245565
-0.00245367
-0.00245369
-0.00245544
-0.00245766
-0.00245833
-0.00245530
-0.00244740
-0.00243502
-0.00242033
-0.00240645
-0.00239614
-0.00239056
-0.00238875
-0.00238799
-0.00238555
-0.00238015
-0.00237322
-0.00236826
-0.00236905
-0.00237747
-0.00239207
-0.00240847
-0.00242120
-0.00242601
-0.00242140
-0.00240873
-0.00239121
-0.00237277
-0.00235741
-0.00234854
-0.00234818
-0.00235517
-0.00236388
-0.00236472
-0.00234815
-0.00231083
-0.00226053
-0.00221585
-0.00219960
-0.00222689
-0.00229526
-0.00238219
-0.00245408
-0.00248216
-0.00245793
-0.00239895
-0.00234197
-0.00232538
-0.00237066
-0.00247179
-0.00259890
-0.00271196
-0.00277790
-0.00278130
-0.00272618
-0.00262841
-0.00250678
-0.00237712
-0.00225369
-0.00215227
-0.00209225
-0.00209291
-0.00216626
-0.00230768
-0.00249203
-0.00267711
-0.00281759
-0.00288053
-0.00285804
-0.00276781
-0.00264243
-0.00250842
-0.00236930
-0.00220232
-0.00197793
-0.00168932
-0.00137818
-0.00113433
-0.00106547
-0.00124340
-0.00165791
-0.00220380
-0.00271773
-0.00304323
-0.00309477
-0.00288307
-0.00249639
-0.00204723
-0.00162581
-0.00128105
-0.00103817
-0.00092057
-0.00095617
-0.00115407
-0.00147589
-0.00182213
-0.00205894
-0.00207162
-0.00182289
-0.00137406
-0.00086643
-0.00046886
-0.00032624
-0.00051689
-0.00103668
-0.00180039
-0.00266742
-0.00347700
-0.00409490
-0.00444864
-0.00454335
-0.00443696
-0.00420002
-0.00387652
-0.00347896
-0.00299933
-0.00243019
-0.00176411
-0.00099235
-0.00010761
0.00085612
0.00177557
0.00241582
0.00249781
0.00183387
0.00046961
-0.00128292
-0.00294879
-0.00410357
-0.00455873
-0.00441827
-0.00395227
-0.00339556
-0.00279679
-0.00203733
-0.00097668
0.00037070
0.00176972
0.00283398
0.00320431
0.00269489
0.00135245
-0.00060154
-0.00284522
-0.00501281
-0.00670727
-0.00753714
-0.00719136
-0.00556577
-0.00286049
0.00040158
0.00349073
0.00565778
0.00633748
0.00527907
0.00262010
-0.00112815
-0.00515502
-0.00853642
-0.01048118
-0.01060423
-0.00908823
-0.00664802
-0.00423996
-0.00265846
-0.00219901
-0.00260145
-0.00326188
-0.00361096
-0.00339926
-0.00275402
-0.00195529
-0.00113728
-0.00011405
0.00149650
0.00395164
0.00704033
0.00999300
0.01171314
0.01129413
0.00850313
0.00398646
-0.00098424
-0.00506669
-0.00745349
-0.00818007
-0.00801347
-0.00794956
-0.00865378
-0.01012053
-0.01176386
-0.01278843
-0.01262725
-0.01113701
-0.00851110
-0.00498290
-0.00062995
0.00457724
0.01045890
0.01634737
0.02105712
0.02325142
0.02200166
0.01727853
0.01004377
0.00192416
-0.00540673
-0.01074803
-0.01362235
-0.01418808
-0.01302425
-0.01088209
-0.00856196
-0.00680825
-0.00621319
-0.00703112
-0.00906333
-0.01167926
-0.01407172
-0.01555620
-0.01580902
-0.01488147
-0.01309940
-0.01088961
-0.00871978
-0.00708146
-0.00647844
-0.00723785
-0.00927176
-0.01191575
-0.01409110
-0.01471813
-0.01323387
-0.00986945
-0.00558568
-0.00162051
0.00102189
0.00192797
0.00127713
-0.00034330
-0.00223146
-0.00377885
-0.00463061
-0.00470559
-0.00417351
-0.00332529
-0.00245381
-0.00171754
-0.00115843
-0.00081493
-0.00090191
-0.00176891
-0.00366159
-0.00636065
-0.00907776
-0.01069771
-0.01036939
-0.00799954
-0.00435415
-0.00056541
0.00253623
0.00482070
0.00659541
0.00799687
0.00848844
0.00702374
0.00276357
-0.00405473
-0.01187920
-0.01845476
-0.02204945
-0.02239873
-0.02083028
-0.01940997
-0.01973098
-0.02199381
-0.02495169
-0.02661368
-0.02534006
-0.02063280
-0.01339443
-0.00555884
0.00059474
0.00329775
0.00191445
-0.00280801
-0.00908980
-0.01481541
-0.01836182
-0.01905511
-0.01715306
-0.01332936
-0.00819425
-0.00212518
0.00442511
0.01064783
0.01539393
0.01767805
0.01718061
0.01441478
0.01023237
0.00512807
-0.00115747
-0.00918639
-0.01893754
-0.02916465
-0.03777250
-0.04295646
-0.04438857
-0.04338970
-0.04191527
-0.04091511
-0.03941942
-0.03503463
-0.02570127
-0.01133160
0.00575033
0.02194684
0.03415248
0.04104830
0.04304156
0.04128214
0.03660157
0.02937850
0.02012690
0.01012947
0.00118803
-0.00533923
-0.00955699
-0.01306088
-0.01785483
-0.02470729
-0.03225754
-0.03751350
-0.03759302
-0.03141695
-0.02040312
-0.00770284
0.00329666
0.01041234
0.01319523
0.01261486
0.01020386
0.00736551
0.00494326
0.00315192
0.00162729
-0.00022283
-0.00276193
-0.00562649
-0.00768129
-0.00745582
-0.00408487
0.00191857
0.00852462
0.01312622
0.01396109
0.01124801
0.00710138
0.00432458
0.00461212
0.00735988
0.00971486
0.00809546
0.00022443
-0.01333047
-0.02913150
-0.04223929
-0.04845720
-0.04619118
-0.03718882
-0.02562993
-0.01628775
-0.01260445
-0.01577073
-0.02484942
-0.03771749
-0.05190709
-0.06500318
-0.07448884
-0.07775957
-0.07267413
-0.05870896
-0.03770726
-0.01361659
0.00908889
0.02732675
0.04061986
0.05059290
0.05921232
0.06684894
0.07178956
0.07143529
0.06449436
0.05240962
0.03914090
0.02925730
0.02568783
0.02839256
0.03478479
0.04118553
0.04434256
0.04204252
0.03315069
0.01754428
-0.00345083
-0.02660062
-0.04687227
-0.05890368
-0.05929150
-0.04858983
-0.03140307
-0.01439221
-0.00307699
0.00054632
-0.00157184
-0.00533380
-0.00708414
-0.00552568
-0.00179375
0.00177698
0.00318740
0.00140289
-0.00382424
-0.01251172
-0.02450924
-0.03913114
-0.05465702
-0.06857529
-0.07854018
-0.08362638
-0.08471974
-0.08381039
-0.08251486
-0.08101908
-0.07803891
-0.07195218
-0.06209711
-0.04944665
-0.03599619
-0.02357925
-0.01290607
-0.00366674
0.00470110
0.01213477
0.01783745
0.02080625
0.02073682
0.01834040
0.01499042
0.01184223
0.00935421
0.00739353
0.00587527
0.00513593
0.00587830
0.00855927
0.01293386
0.01804550
0.02294025
0.02739911
0.03220304
0.03848465
0.04681393
0.05647076
0.06558095
0.07186471
0.07375460
0.07105627
0.06501141
0.05766090
0.05113668
0.04700514
0.04598869
0.04784560
0.05163253
0.05605782
0.05995077
0.06244730
0.06302349
0.06121265
0.05645177
0.04812621
0.03614898
0.02151568
0.00646704
-0.00627175
-0.01465837
-0.01839626
-0.01898437
-0.01875650
-0.01924256
-0.02009287
-0.01921419
-0.01428730
-0.00449910
0.00849279
0.02121332
0.03010610
0.03350131
0.03237366
0.02956204
0.02778462
0.02797491
0.02886785
0.02821043
0.02458581
0.01877642
0.01349326
0.01170462
0.01444676
0.01981964
0.02374101
0.02227267
0.01392140
0.00074409
-0.01264257
-0.02140808
-0.02302654
-0.01828420
-0.01051402
-0.00349682
0.00044552
0.00133282
0.00085920
0.00095656
0.00238397
0.00440569
0.00540221
0.00401128
-0.00020706
-0.00673167
-0.01474957
-0.02378533
-0.03394419
-0.04535363
-0.05739446
-0.06820496
-0.07514493
-0.07581071
-0.06926226
-0.05652508
-0.04027442
-0.02362349
-0.00896871
0.00263467
0.01111661
0.01672622
0.01941516
0.01885781
0.01477494
0.00743213
-0.00229291
-0.01307800
-0.02348399
-0.03186090
-0.03615415
-0.03389855
-0.02299705
-0.00285563
0.02460470
0.05508086
0.08316236
0.10443430
0.11702310
0.12180960
0.12123030
0.11782640
0.11340160
0.10951770
0.10832630
0.11295970
0.12640510
0.14957180
0.17960250
0.21005300
0.23321940
0.24348270
0.23983340
0.22618840
0.20930970
0.19562360
0.18850610
0.18765210
0.19021440
0.19299080
0.19415580
0.19395440
0.19405850
0.19646810
0.20236580
0.21165110
0.22302630
0.23461490
0.24462330
0.25199020
0.25660280
0.25928740
0.26107480
0.26261780
0.26370130
0.26337670
0.26054350
0.25486460
0.24730860
0.24006870
0.23567470
0.23600410
0.24152440
0.25129730
0.26349870
0.27624090
0.28814660
0.29847110
0.30675590
0.31264430
0.31577800
0.31608580
0.31397680
0.31047060
0.30691320
0.30457970
0.30420470
0.30594280
0.30959690
0.31493120
0.32188000
0.33044970
0.34052980
0.35174090
0.36333070
0.37431870
0.38355240
0.38981620
0.39186930
0.38880120
0.38049110
0.36803850
0.35359830
0.33972900
0.32828750
0.31960760
0.31223620
0.30355760
0.29082110
0.27200330
0.24615990
0.21329740
0.17429590
0.13086520
0.08554788
0.04146242
0.00162059
-0.03197972
-0.05901288
-0.08054661
-0.09805108
-0.11225620
-0.12282050
-0.12897020
-0.13085430
-0.13051650
-0.13195170
-0.13970270
-0.15692740
-0.18381310
-0.21733760
-0.25225120
-0.28292000
-0.30516510
-0.31748420
-0.32113600
-0.31923640
-0.31524600
-0.31151030
-0.30834720
-0.30413230
-0.29649090
-0.28399370
-0.26741780
-0.24987150
-0.23554860
-0.22803890
-0.22879230
-0.23682740
-0.24960640
-0.26447560
-0.27953110
-0.29357430
-0.30529090
-0.31267360
-0.31322290
-0.30513230
-0.28859620
-0.26640920
-0.24299890
-0.22271920
-0.20794710
-0.19871390
-0.19341840
-0.19042770
-0.18913030
-0.18992370
-0.19308440
-0.19783540
-0.20240270
-0.20535830
-0.20714180
-0.21051570
-0.21912260
-0.23519520
-0.25744030
-0.28114300
-0.30041900
-0.31162680
-0.31540990
-0.31638710
-0.32037360
-0.33125490
-0.34899260
-0.37018630
-0.39032800
-0.40629940
-0.41744650
-0.42502360
-0.43070290
-0.43538320
-0.43870750
-0.43949170
-0.43622490
-0.42754360
-0.41247680
-0.39081100
-0.36349320
-0.33281060
-0.30179110
-0.27306670
-0.24766540
-0.22493860
-0.20337340
-0.18211540
-0.16181490
-0.14446330
-0.13190490
-0.12463090
-0.12128280
-0.11951670
-0.11712780
-0.11260800
-0.10472130
-0.09184884
-0.07184486
-0.04318975
-0.00656466
0.03413847
0.07273899
0.10311600
0.12185600
0.12944620
0.12947960
0.12639050
0.12331220
0.12110030
0.11915450
0.11677940
0.11432330
0.11303970
0.11419480
0.11808250
0.12378600
0.12966270
0.13434670
0.13735740
0.13905250
0.13997220
0.14019880
0.13920110
0.13625490
0.13102400
0.12404930
0.11669690
0.11067040
0.10734700
0.10741050
0.11077820
0.11681790
0.12439830
0.13216220
0.13850850
0.14181500
0.14063380
0.13400590
0.12157420
0.10369500
0.08131234
0.05606075
0.03024049
0.00663906
-0.01218619
-0.02472281
-0.03118981
-0.03347824
-0.03444840
-0.03666748
-0.04152272
-0.04903553
-0.05863171
-0.07003706
-0.08387537
-0.10148410
-0.12432690
-0.15316120
-0.18760450
-0.22590450
-0.26499940
-0.30044520
-0.32665790
-0.33784450
-0.32972430
-0.30150980
-0.25712870
-0.20458640
-0.15355480
-0.11187570
-0.08293686
-0.06517428
-0.05413751
-0.04555121
-0.03771004
-0.03164822
-0.02941496
-0.03165713
-0.03653942
-0.04066442
-0.04147798
-0.03907920
-0.03619321
-0.03610157
-0.04024330
-0.04705832
-0.05317587
-0.05586380
-0.05505558
-0.05312509
-0.05280136
-0.05476108
-0.05711382
-0.05705222
-0.05362562
-0.04919784
-0.04845990
-0.05531864
-0.07013770
-0.08932518
-0.10783680
-0.12249290
-0.13385440
-0.14488900
-0.15785190
-0.17146750
-0.18093220
-0.18071650
-0.16831260
-0.14594290
-0.11921800
-0.09348623
-0.07090968
-0.04989982
-0.02745284
-0.00221955
0.02382045
0.04650142
0.06225753
0.07059812
0.07430080
0.07756081
0.08335962
0.09207140
0.10191660
0.11089840
0.11846810
0.12593550
0.13525950
0.14749110
0.16182330
0.17602330
0.18758120
0.19499890
0.19824380
0.19838800
0.19669620
0.19411750
0.19124240
0.18881640
0.18796090
0.19025810
0.19709340
0.20895700
0.22483960
0.24239570
0.25860490
0.27077510
0.27736590
0.27834740
0.27477920
0.26814010
0.25914550
0.24720320
0.23026290
0.20585580
0.17244270
0.13103250
0.08570635
0.04282197
0.00871208
-0.01279635
-0.02191794
-0.02244434
-0.01970228
-0.01788146
-0.01847885
-0.02045848
-0.02190150
-0.02156572
-0.01943987
-0.01596755
-0.01102656
-0.00350584
0.00790521
0.02351847
0.04192852
0.06064912
0.07741407
0.09121006
0.10204170
0.10999960
0.11447880
0.11460250
0.11048320
0.10436470
0.10024730
0.10201730
0.11090680
0.12444430
0.13756290
0.14545850
0.14613320
0.14124880
0.13463050
0.12983760
0.12815600
0.12851460
0.12869960
0.12694630
0.12264340
0.11606580
0.10783580
0.09864476
0.08941415
0.08162581
0.07704421
0.07697059
0.08136295
0.08874081
0.09685217
0.10378730
0.10862350
0.11143010
0.11276760
0.11326840
0.11352480
0.11437280
0.11688330
0.12185190
0.12907490
0.13702260
0.14325620
0.14563350
0.14317700
0.13650740
0.12714540
0.11676280
0.10641130
0.09669601
0.08813866
0.08155226
0.07774600
0.07706462
0.07902030
0.08249645
0.08621787
0.08931597
0.09143700
0.09257202
0.09273670
0.09199729
0.09059430
0.08900609
0.08758569
0.08620482
0.08418975
0.08089506
0.07646570
0.07228783
0.07040735
0.07220356
0.07704795
0.08219367
0.08404349
0.08022060
0.07094738
0.05894063
0.04776406
0.03980670
0.03507547
0.03164608
0.02717393
0.02045487
0.01190275
0.00300381
-0.00480775
-0.01087587
-0.01542558
-0.01904385
-0.02224204
-0.02533589
-0.02873706
-0.03305193
-0.03891331
-0.04652579
-0.05543899
-0.06464082
-0.07307576
-0.08013328
-0.08587947
-0.09073918
-0.09502988
-0.09860627
-0.10100190
-0.10176250
-0.10083590
-0.09865597
-0.09601786
-0.09370267
-0.09224468
-0.09185412
-0.09261765
-0.09463762
-0.09812759
-0.10333370
-0.11046190
-0.11956980
-0.13055380
-0.14325190
-0.15763240
-0.17379930
-0.19189270
-0.21172010
-0.23251660
-0.25271200
-0.27013260
-0.28242270
-0.28774610
-0.28515520
-0.27484220
-0.25793950
-0.23626370
-0.21199710
-0.18752650
-0.16523830
-0.14724450
-0.13486130
-0.12820980
-0.12601490
-0.12591180
-0.12526800
-0.12205410
-0.11554520
-0.10649690
-0.09662340
-0.08785145
-0.08143430
-0.07761744
-0.07570288
-0.07454827
-0.07309874
-0.07083641
-0.06778373
-0.06432188
-0.06084648
-0.05762533
-0.05471321
-0.05202353
-0.04934900
-0.04646651
-0.04314241
-0.03925423
-0.03486198
-0.03028323
-0.02589929
-0.02190499
-0.01806163
-0.01380927
-0.00853516
-0.00199082
0.00554737
0.01335952
0.02066171
0.02687768
0.03169821
0.03476962
0.03555201
0.03340209
0.02797247
0.01951500
0.00895848
-0.00244279
-0.01356779
-0.02382050
-0.03309275
-0.04152887
-0.04927294
-0.05650031
-0.06354277
-0.07103735
-0.07981071
-0.09066407
-0.10407980
-0.12017390
-0.13880850
-0.15985990
-0.18315640
-0.20830820
-0.23433840
-0.25968420
-0.28241150
-0.30077060
-0.31374240
-0.32132000
-0.32438950
-0.32441920
-0.32294920
-0.32131620
-0.32027560
-0.31998920
-0.31996720
-0.31955840
-0.31845620
-0.31723120
-0.31747490
-0.32135000
-0.33052000
-0.34507440
-0.36313670
-0.38160800
-0.39771330
-0.41053390
-0.42143650
-0.43311480
-0.44734390
-0.46326550
-0.47714590
-0.48424500
-0.48169460
-0.47061720
-0.45586700
-0.44310660
-0.43516160
-0.42989820
-0.42140870
-0.40403810
-0.37649680
-0.34352020
-0.31344870
-0.29349730
-0.28549940
-0.28506070
-0.28456900
-0.27802070
-0.26433110
-0.24729720
-0.23228110
-0.22247890
-0.21690880
-0.21152330
-0.20199440
-0.18634770
-0.16552800
-0.14226210
-0.11918780
-0.09797197
-0.07926566
-0.06336995
-0.05045593
-0.04040283
-0.03247674
-0.02555501
-0.01873874
-0.01195879
-0.00585023
-0.00111299
0.00218264
0.00460431
0.00692060
0.00961060
0.01296417
0.01747655
0.02410606
0.03369289
0.04599255
0.05911463
0.07035874
0.07794034
0.08245234
0.08655656
0.09309570
0.10293730
0.11468890
0.12669400
0.14002690
0.15965110
0.19214970
0.24088440
0.30226030
0.36617320
0.42129530
0.46179950
0.49112720
0.51945240
0.55657220
0.60468550
0.65630270
0.69862320
0.72147040
0.72294010
0.70926390
0.68935440
0.66857770
0.64628160
0.61889710
0.58541150
0.55052730
0.52261060
0.50784210
0.50538480
0.50740500
0.50438670
0.49176180
0.47266850
0.45488900
0.44419000
0.43964180
0.43464480
0.42291520
0.40452560
0.38690140
0.37956840
0.38631040
0.40108110
0.41100710
0.40472530
0.38008310
0.34544530
0.31386890
0.29432650
0.28647010
0.28230960
0.27301730
0.25551520
0.23391140
0.21553190
0.20537310
0.20366030
0.20822970
0.21863430
0.23799440
0.26987000
0.31258810
0.35584720
0.38362390
0.38234020
0.34943440
0.29601860
0.24173430
0.20449520
0.19179580
0.19856970
0.21226880
0.22121540
0.22055220
0.21275060
0.20348930
0.19673820
0.19236250
0.18735560
0.17889050
0.16655990
0.15235070
0.13895930
0.12803500
0.11956010
0.11265460
0.10667860
0.10176440
0.09846897
0.09711831
0.09734083
0.09817841
0.09846523
0.09720250
0.09370625
0.08765597
0.07915958
0.06878292
0.05752243
0.04651351
0.03660137
0.02813224
0.02110865
0.01558026
0.01190731
0.01066486
0.01224597
0.01649225
0.02260005
0.02928934
0.03501888
0.03817508
0.03721456
0.03111076
0.02000536
0.00567114
-0.00875800
-0.01995405
-0.02592596
-0.02693998
-0.02519658
-0.02337081
-0.02300737
-0.02384380
-0.02455959
-0.02434541
-0.02405533
-0.02593843
-0.03209871
-0.04290147
-0.05669744
-0.07118878
-0.08539171
-0.10047360
-0.11848610
-0.13984540
-0.16167190
-0.17900180
-0.18854750
-0.19250560
-0.19928670
-0.21971740
-0.26061730
-0.32002390
-0.38750560
-0.45007140
-0.49989680
-0.53873930
-0.57624330
-0.62315310
-0.68406600
-0.75412180
-0.82127790
-0.87207350
-0.89723690
-0.89431120
-0.86728160
-0.82489040
-0.77877600
-0.74123200
-0.72178010
-0.72292970
-0.73762770
-0.75133680
-0.74926650
-0.72523470
-0.68638290
-0.64957200
-0.63116070
-0.63665650
-0.65776030
-0.67893590
-0.68870790
-0.68692310
-0.68206850
-0.68072610
-0.67770790
-0.65593560
-0.59736890
-0.49786620
-0.37448820
-0.25864420
-0.17889080
-0.14462680
-0.14229140
-0.14599180
-0.13517030
-0.10640490
-0.07219642
-0.04889376
-0.04389287
-0.05135168
-0.05842887
-0.05568160
-0.04302183
-0.02715848
-0.01402433
-0.00335308
0.00998008
0.02977975
0.05363420
0.07415684
0.08534103
0.08824851
0.09044132
0.09922472
0.11432260
0.12678890
0.12583020
0.10846030
0.08399454
0.06902884
0.07612558
0.10460580
0.14041790
0.16542980
0.16907160
0.15408860
0.13274010
0.11723700
0.11191250
0.11269870
0.11311680
0.11110860
0.11115940
0.12028870
0.14177980
0.17180960
0.20160380
0.22313700
0.23380640
0.23693940
0.23828600
0.24165250
0.24696680
0.25144590
0.25236430
0.24892790
0.24221670
0.23384460
0.22481790
0.21537200
0.20565190
0.19619690
0.18776200
0.18066300
0.17441080
0.16791420
0.16011160
0.15053390
0.13953880
0.12814580
0.11747710
0.10817500
0.09993380
0.09143171
0.08113012
0.06865250
0.05590486
0.04676279
0.04490353
0.05086057
0.06049370
0.06660203
0.06329056
0.05039401
0.03455881
0.02558909
0.03005875
0.04645756
0.06549720
0.07564411
0.07021731
0.05125160
0.02766343
0.00937851
0.00176470
0.00400235
0.01170601
0.02093325
0.03022358
0.03954978
0.04798239
0.05284942
0.05149626
0.04401501
0.03422732
0.02766498
0.02785887
0.03390366
0.04136206
0.04582705
0.04625364
0.04534827
0.04678862
0.05175148
0.05779413
0.06112175
0.06027638
0.05791354
0.05887342
0.06587829
0.07644158
0.08390722
0.08232348
0.07162944
0.05895211
0.05448563
0.06457449
0.08693208
0.11170090
0.12785840
0.13053110
0.12386040
0.11752650
0.11919960
0.12884900
0.13903910
0.14116110
0.13285910
0.12093560
0.11712050
0.12947280
0.15558520
0.18286030
0.19612070
0.18749210
0.16187040
0.13398410
0.11906110
0.12342700
0.14124660
0.15941330
0.16669630
0.16078110
0.14848070
0.13954600
0.13883140
0.14260590
0.14130060
0.12650110
0.09704660
0.06023954
0.02750151
0.00787422
0.00348679
0.00951192
0.01782520
0.02160584
0.01807670
0.00840504
-0.00434298
-0.01738255
-0.02927069
-0.03969364
-0.04873400
-0.05633975
-0.06228234
-0.06636811
-0.06862253
-0.06931069
-0.06890667
-0.06806383
-0.06757939
-0.06822061
-0.07045135
-0.07420054
-0.07893988
-0.08402531
-0.08910540
-0.09423472
-0.09964573
-0.10532890
-0.11085710
-0.11553870
-0.11890500
-0.12101620
-0.12240310
-0.12351470
-0.12420830
-0.12368810
-0.12090330
-0.11523210
-0.10700100
-0.09730685
-0.08753268
-0.07870658
-0.07112980
-0.06444572
-0.05801938
-0.05136083
-0.04438689
-0.03743858
-0.03111521
-0.02602945
-0.02264172
-0.02120647
-0.02175288
-0.02404881
-0.02758809
-0.03160685
-0.03519688
-0.03748376
-0.03787217
-0.03620758
-0.03277198
-0.02803925
-0.02237910
-0.01588381
-0.00852784
-0.00051332
0.00744334
0.01425469
0.01903678
0.02178561
0.02357612
0.02608829
0.03071115
0.03791117
0.04724043
0.05795333
0.06959693
0.08206125
0.09500567
0.10729670
0.11715020
0.12301520
0.12481100
0.12417870
0.12373040
0.12550510
0.12992290
0.13606350
0.14283560
0.15021020
0.15905380
0.16982500
0.18114710
0.18978670
0.19256180
0.18878810
0.18146420
0.17573200
0.17537530
0.17982280
0.18399460
0.18136350
0.16835920
0.14702120
0.12386660
0.10605770
0.09707545
0.09526827
0.09575052
0.09430348
0.09017868
0.08597963
0.08490425
0.08771362
0.09170291
0.09248667
0.08712454
0.07629562
0.06387216
0.05433853
0.04991022
0.04942501
0.04954622
0.04730362
0.04206167
0.03569618
0.03102955
0.02988128
0.03205259
0.03583001
0.03926732
0.04126282
0.04167686
0.04078279
0.03863261
0.03499785
0.02971705
0.02302842
0.01534560
0.00675555
-0.00328639
-0.01550533
-0.02996824
-0.04554619
-0.06045272
-0.07363766
-0.08615966
-0.10126920
-0.12291710
-0.15344490
-0.19206380
-0.23510740
-0.27788560
-0.31666570
-0.34947990
-0.37547970
-0.39377870
-0.40313230
-0.40298070
-0.39495370
-0.38311100
-0.37226870
-0.36498640
-0.35955030
-0.35070690
-0.33300040
-0.30482900
-0.27021080
-0.23683520
-0.21143760
-0.19549470
-0.18408140
-0.16876060
-0.14265960
-0.10469510
-0.06032256
-0.01864149
0.01217461
0.02847815
0.03201350
0.02806567
0.02244943
0.01900743
0.01874712
0.02048647
0.02229677
0.02270715
0.02127085
0.01841006
0.01495213
0.01163838
0.00893172
0.00711837
0.00660672
0.00806090
0.01224590
0.01953903
0.02945623
0.04047772
0.05048073
0.05763108
0.06132138
0.06249265
0.06313315
0.06507843
0.06885744
0.07315407
0.07537366
0.07300841
0.06512702
0.05303411
0.03971805
0.02826140
0.02019618
0.01466273
0.00905009
0.00070832
-0.01115473
-0.02468003
-0.03609195
-0.04164597
-0.03953893
-0.03078442
-0.01853750
-0.00646317
0.00288690
0.00874753
0.01175132
0.01296521
0.01320375
0.01288766
0.01235915
0.01208377
0.01254870
0.01384213
0.01547599
0.01666232
0.01692631
0.01647148
0.01607249
0.01651212
0.01812449
0.02072148
0.02402403
0.02810614
0.03349555
0.04067354
0.04942599
0.05856406
0.06638628
0.07153541
0.07374872
0.07389053
0.07337019
0.07327246
0.07389964
0.07491647
0.07595881
0.07703909
0.07849455
0.08045195
0.08237564
0.08304610
0.08113158
0.07594463
0.06791933
0.05836801
0.04878103
0.04007314
0.03238842
0.02538501
0.01883955
0.01300800
0.00858574
0.00622976
0.00611931
0.00778596
0.01040850
0.01321828
0.01583850
0.01830982
0.02094633
0.02406849
0.02784230
0.03221396
0.03698735
0.04188238
0.04666190
0.05120078
0.05556619
0.05990225
0.06427377
0.06849248
0.07218063
0.07497161
0.07681457
0.07809848
0.07955688
0.08188863
0.08541967
0.08993205
0.09481970
0.09932729
0.10284100
0.10509500
0.10641060
0.10778770
0.11074550
0.11679410
0.12658590
0.13925480
0.15247400
0.16345880
0.17057840
0.17436270
0.17727990
0.18195120
0.18909140
0.19647660
0.19977160
0.19495670
0.18073850
0.15941030
0.13552210
0.11347960
0.09549921
0.08128431
0.06936873
0.05879778
0.04998813
0.04408388
0.04167466
0.04192509
0.04293091
0.04281539
0.04074697
0.03701132
0.03237966
0.02732219
0.02192035
0.01632934
0.01131914
0.00802633
0.00709561
0.00781285
0.00820679
0.00610322
0.00054983
-0.00756755
-0.01610876
-0.02317580
-0.02827066
-0.03235510
-0.03674102
-0.04190061
-0.04706280
-0.05098510
-0.05310260
-0.05420987
-0.05597951
-0.05981995
-0.06586646
-0.07301809
-0.07983880
-0.08564908
-0.09084496
-0.09638520
-0.10280810
-0.10975460
-0.11615010
-0.12117920
-0.12487170
-0.12815660
-0.13198170
-0.13662360
-0.14127510
-0.14470200
-0.14594670
-0.14500860
-0.14258130
-0.13942970
-0.13561520
-0.13038320
-0.12277430
-0.11257430
-0.10076100
-0.08933719
-0.08035632
-0.07486570
-0.07232918
-0.07103720
-0.06912902
-0.06569557
-0.06116603
-0.05690766
-0.05425586
-0.05372041
-0.05473756
-0.05620359
-0.05722895
-0.05766556
-0.05798406
-0.05880438
-0.06036316
-0.06239825
-0.06433652
-0.06573350
-0.06647740
-0.06674748
-0.06671007
-0.06636646
-0.06556307
-0.06420856
-0.06238110
-0.06034237
-0.05835474
-0.05653402
-0.05473309
-0.05265551
-0.04999167
-0.04658904
-0.04248397
-0.03795537
-0.03344938
-0.02945501
-0.02624953
-0.02375876
-0.02156105
-0.01915899
-0.01628504
-0.01312415
-0.01018693
-0.00794573
-0.00641258
-0.00511815
-0.00341988
-0.00098431
0.00206037
0.00531785
0.00860754
0.01223670
0.01689149
0.02308386
0.03068746
0.03889331
0.04673362
0.05365237
0.05973632
0.06536357
0.07068046
0.07527158
0.07846284
0.07994691
0.08031785
0.08089641
0.08302477
0.08726354
0.09316897
0.09963991
0.10561780
0.11047290
0.11404270
0.11627670
0.11711300
0.11664350
0.11547040
0.11457290
0.11466450
0.11535820
0.11510310
0.11202380
0.10539360
0.09658024
0.08865270
0.08441197
0.08425885
0.08532217
0.08284963
0.07302674
0.05559593
0.03441095
0.01559187
0.00424496
0.00189761
0.00605304
0.01207759
0.01589510
0.01591840
0.01311909
0.00972050
0.00751129
0.00702016
0.00775621
0.00909253
0.01079690
0.01295093
0.01540467
0.01750264
0.01827752
0.01711762
0.01425823
0.01078699
0.00797249
0.00651181
0.00612443
0.00587291
0.00480624
0.00259205
-0.00035439
-0.00313154
-0.00491345
-0.00531790
-0.00451850
-0.00300830
-0.00138135
-0.00012614
0.00042868
0.00021024
-0.00062516
-0.00172230
-0.00271054
-0.00334997
-0.00370622
-0.00409676
-0.00492842
-0.00641272
-0.00851265
-0.01102797
-0.01382620
-0.01688231
-0.02021916
-0.02367614
-0.02682428
-0.02903792
-0.02985857
-0.02931005
-0.02801485
-0.02690023
-0.02680266
-0.02808910
-0.03059453
-0.03370475
-0.03666930
-0.03880849
-0.03970537
-0.03925682
-0.03779149
-0.03605367
-0.03506765
-0.03571352
-0.03834968
-0.04256355
-0.04735879
-0.05157471
-0.05447804
-0.05603076
-0.05681752
-0.05756851
-0.05877669
-0.06050384
-0.06254308
-0.06461601
-0.06657178
-0.06836120
-0.06995376
-0.07120771
-0.07194277
-0.07204213
-0.07154538
-0.07056352
-0.06920214
-0.06748589
-0.06541755
-0.06300670
-0.06034388
-0.05754543
-0.05471914
-0.05187989
-0.04905686
-0.04637671
-0.04411047
-0.04250030
-0.04160923
-0.04120369
-0.04088351
-0.04026685
-0.03924202
-0.03796036
-0.03668047
-0.03546813
-0.03412719
-0.03230901
-0.02978977
-0.02658544
-0.02295042
-0.01919321
-0.01553674
-0.01203657
-0.00869050
-0.00552723
-0.00264075
-0.00006478
0.00226448
0.00450354
0.00676568
0.00908144
0.01137166
0.01356212
0.01564677
0.01774442
0.01996987
0.02235211
0.02478765
0.02718720
0.02953619
0.03192759
0.03444973
0.03714818
0.03997032
0.04285133
0.04573055
0.04859833
0.05137466
0.05389460
0.05594550
0.05748321
0.05869277
0.05989899
0.06129004
0.06275839
0.06392840
0.06449100
0.06454143
0.06471644
0.06583102
0.06835304
0.07199715
0.07587883
0.07899280
0.08079882
0.08141448
0.08145590
0.08159848
0.08236713
0.08416810
0.08748471
0.09271327
0.09968051
0.10709020
0.11261830
0.11378100
0.10938450
0.10050500
0.09041899
0.08302069
0.08080178
0.08346546
0.08821527
0.09143515
0.09080354
0.08644373
0.08057334
0.07586502
0.07381448
0.07407474
0.07517194
0.07577738
0.07566794
0.07558685
0.07631995
0.07764772
0.07813605
0.07591088
0.07000593
0.06120497
0.05185742
0.04465261
0.04121898
0.04129200
0.04303900
0.04420936
0.04345021
0.04086815
0.03768549
0.03523285
0.03411059
0.03389799
0.03362641
0.03250489
0.03048911
0.02818650
0.02636452
0.02535929
0.02492245
0.02443552
0.02339283
0.02169493
0.01966589
0.01770186
0.01595436
0.01420248
0.01209593
0.00943261
0.00637622
0.00336770
0.00092943
-0.00064048
-0.00137500
-0.00159298
-0.00163686
-0.00170081
-0.00173162
-0.00154220
-0.00094478
0.00003708
0.00113267
0.00190594
0.00203662
0.00148809
0.00054936
-0.00039254
-0.00110207
-0.00172041
-0.00266286
-0.00432687
-0.00669977
-0.00930568
-0.01145625
-0.01273983
-0.01328686
-0.01373310
-0.01480029
-0.01685813
-0.01968687
-0.02271479
-0.02543848
-0.02778290
-0.03005371
-0.03266954
-0.03580122
-0.03929424
-0.04279617
-0.04607311
-0.04914771
-0.05223359
-0.05545197
-0.05870840
-0.06175443
-0.06443446
-0.06680630
-0.06913156
-0.07163908
-0.07434754
-0.07698156
-0.07917926
-0.08070560
-0.08158329
-0.08195705
-0.08195078
-0.08156462
-0.08077320
-0.07962513
-0.07832304
-0.07710664
-0.07609617
-0.07514906
-0.07400011
-0.07247467
-0.07069095
-0.06895946
-0.06756356
-0.06651245
-0.06553874
-0.06425100
-0.06243599
-0.06014763
-0.05760903
-0.05491984
-0.05195612
-0.04848967
-0.04449467
-0.04028262
-0.03641418
-0.03331391
-0.03094270
-0.02869925
-0.02579057
-0.02172440
-0.01666454
-0.01130803
-0.00648022
-0.00263599
0.00031364
0.00286926
0.00550933
0.00837555
0.01120265
0.01359710
0.01531755
0.01644417
0.01727100
0.01812323
0.01913270
0.02022158
0.02118409
0.02187519
0.02226145
0.02240381
0.02235438
0.02215606
0.02183234
0.02144636
0.02108993
0.02088854
0.02091060
0.02113148
0.02141969
0.02163654
0.02166267
0.02143172
0.02089171
0.02002123
0.01881626
0.01732867
0.01564412
0.01390054
0.01219261
0.01053521
0.00885530
0.00711463
0.00537062
0.00381059
0.00264099
0.00198929
0.00177512
0.00174816
0.00160613
0.00121901
0.00069169
0.00031287
0.00034210
0.00086806
0.00172021
0.00258532
0.00317504
0.00342625
0.00349420
0.00364595
0.00405825
0.00475419
0.00559676
0.00642028
0.00711742
0.00770848
0.00824906
0.00875261
0.00913168
0.00929354
0.00920441
0.00894604
0.00863874
0.00837291
0.00810387
0.00768852
0.00696707
0.00591556
0.00464046
0.00331599
0.00205325
0.00090161
-0.00012575
-0.00096118
-0.00150432
-0.00167754
-0.00156779
-0.00141726
-0.00149263
-0.00182708
-0.00216899
-0.00215768
-0.00172061
-0.00129915
-0.00175945
-0.00384992
-0.00759431
-0.01197851
-0.01535737
-0.01633296
-0.01466469
-0.01149701
-0.00883509
-0.00844235
-0.01092304
-0.01544304
-0.02034469
-0.02412118
-0.02620655
-0.02703423
-0.02752946
-0.02839079
-0.02970809
-0.03102947
-0.03183895
-0.03195466
-0.03163989
-0.03132620
-0.03130835
-0.03157097
-0.03191519
-0.03215637
-0.03231504
-0.03257458
-0.03313195
-0.03400859
-0.03505571
-0.03606390
-0.03694163
-0.03772650
-0.03854118
-0.03945662
-0.04043300
-0.04131174
-0.04191096
-0.04208795
-0.04177930
-0.04094240
-0.03956799
-0.03769784
-0.03548380
-0.03314958
-0.03093664
-0.02899815
-0.02736350
-0.02595438
-0.02471355
-0.02368795
-0.02303243
-0.02285342
-0.02309255
-0.02349292
-0.02376056
-0.02375191
-0.02363611
-0.02382329
-0.02472229
-0.02640785
-0.02850547
-0.03032979
-0.03124927
-0.03099993
-0.02983058
-0.02833485
-0.02713459
-0.02655481
-0.02654299
-0.02678836
-0.02696625
-0.02688522
-0.02653992
-0.02602032
-0.02541787
-0.02474528
-0.02396439
-0.02300622
-0.02181322
-0.02030222
-0.01837793
-0.01595302
-0.01299842
-0.00953886
-0.00564672
-0.00139430
0.00315812
0.00797900
0.01300750
0.01813745
0.02321875
0.02814165
0.03286704
0.03741564
0.04178611
0.04590633
0.04959789
0.05264410
0.05488321
0.05632396
0.05715377
0.05767041
0.05814216
0.05870467
0.05927759
0.05959637
0.05930305
0.05814284
0.05608408
0.05336328
0.05037416
0.04752075
0.04501938
0.04284527
0.04079138
0.03865401
0.03634934
0.03393860
0.03152068
0.02914054
0.02674411
0.02426094
0.02171039
0.01927925
0.01721733
0.01569498
0.01467650
0.01398545
0.01344848
0.01306041
0.01298535
0.01344587
0.01451125
0.01601114
0.01760692
0.01902318
0.02018451
0.02122440
0.02230508
0.02345618
0.02449711
0.02514435
0.02518871
0.02465477
0.02378224
0.02291475
0.02233380
0.02219967
0.02251843
0.02317481
0.02394948
0.02461300
0.02500118
0.02514449
0.02528571
0.02579217
0.02689534
0.02847688
0.03002780
0.03091679
0.03075326
0.02964609
0.02811643
0.02675835
0.02582248
0.02510597
0.02418638
0.02289460
0.02157217
0.02093216
0.02154254
0.02335359
0.02555323
0.02696651
0.02669975
0.02466443
0.02156114
0.01840684
0.01587661
0.01396876
0.01213221
0.00980024
0.00689491
0.00400243
0.00203611
0.00167594
0.00292272
0.00511257
0.00730850
0.00884486
0.00962432
0.01004174
0.01056542
0.01134219
0.01207397
0.01227244
0.01163849
0.01031550
0.00877738
0.00750988
0.00666387
0.00601193
0.00519873
0.00412205
0.00306857
0.00251342
0.00268289
0.00327617
0.00353961
0.00273307
0.00063557
-0.00222758
-0.00486424
-0.00637065
-0.00643173
-0.00541497
-0.00410475
-0.00325666
-0.00330321
-0.00428633
-0.00600730
-0.00817741
-0.01052306
-0.01282059
-0.01498776
-0.01715369
-0.01962763
-0.02265345
-0.02609649
-0.02929369
-0.03129445
-0.03143269
-0.02989211
-0.02779653
-0.02667910
-0.02753640
-0.03014508
-0.03307506
-0.03449036
-0.03319353
-0.02930800
-0.02413714
-0.01937517
-0.01616682
-0.01464239
-0.01408298
-0.01352145
-0.01228883
-0.01024836
-0.00766944
-0.00498128
-0.00256413
-0.00068481
0.00054723
0.00123147
0.00173038
0.00256680
0.00417703
0.00661495
0.00945449
0.01196516
0.01351303
0.01391543
0.01352733
0.01298421
0.01281030
0.01313208
0.01369562
0.01410111
0.01408023
0.01361665
0.01290826
0.01219277
0.01161800
0.01119518
0.01083156
0.01036481
0.00960515
0.00839162
0.00670001
0.00471771
0.00283662
0.00149049
0.00092883
0.00102677
0.00130614
0.00116022
0.00019215
-0.00158358
-0.00377350
-0.00587470
-0.00757066
-0.00889069
-0.01010607
-0.01146421
-0.01293555
-0.01417032
-0.01470738
-0.01428868
-0.01308259
-0.01166124
-0.01072439
-0.01071876
-0.01157406
-0.01271194
-0.01333062
-0.01281092
-0.01101221
-0.00832129
-0.00543381
-0.00300638
-0.00134923
-0.00034297
0.00042212
0.00137168
0.00272864
0.00444100
0.00629787
0.00811984
0.00991395
0.01187179
0.01423559
0.01710634
0.02033405
0.02352824
0.02621437
0.02804173
0.02894495
0.02917910
0.02921227
0.02952279
0.03040762
0.03186677
0.03364108
0.03536232
0.03674701
0.03771868
0.03839957
0.03899564
0.03964286
0.04030638
0.04078940
0.04084088
0.04030801
0.03921720
0.03775304
0.03614594
0.03454611
0.03293399
0.03115775
0.02903869
0.02650762
0.02367063
0.02077539
0.01809305
0.01579760
0.01390178
0.01230095
0.01086621
0.00953823
0.00832824
0.00725553
0.00626971
0.00524855
0.00406699
0.00269687
0.00123961
-0.00013203
-0.00129554
-0.00224890
-0.00308283
-0.00387195
-0.00460788
-0.00523066
-0.00574746
-0.00630128
-0.00710951
-0.00827281
-0.00961609
-0.01070360
-0.01107040
-0.01050175
-0.00915611
-0.00742500
-0.00563995
-0.00386953
-0.00196940
0.00017646
0.00244228
0.00448606
0.00599247
0.00691897
0.00750027
0.00799713
0.00841232
0.00845625
0.00781373
0.00648391
0.00484807
0.00335926
0.00209890
0.00065779
-0.00144705
-0.00408387
-0.00617765
-0.00619620
-0.00329195
0.00170489
0.00630438
0.00762644
0.00420117
-0.00293436
-0.01073076
-0.01601072
-0.01754037
-0.01685227
-0.01724260
-0.02157999
-0.03042487
-0.04168295
-0.05196220
-0.05862938
-0.06118511
-0.06115906
-0.06081913
-0.06170596
-0.06399634
-0.06691095
-0.06964828
-0.07203149
-0.07445662
-0.07734677
-0.08066978
-0.08391901
-0.08651630
-0.08822842
-0.08924497
-0.08987796
-0.09019570
-0.08991173
-0.08861915
-0.08614830
-0.08274190
-0.07890326
-0.07505232
-0.07126163
-0.06726576
-0.06271618
-0.05746494
-0.05169135
-0.04580613
-0.04025079
-0.03532971
-0.03116972
-0.02779288
-0.02521487
-0.02350582
-0.02278213
-0.02315072
-0.02462414
-0.02703179
-0.02998827
-0.03294472
-0.03532803
-0.03672706
-0.03702346
-0.03638635
-0.03514970
-0.03362834
-0.03200307
-0.03031134
-0.02854431
-0.02671901
-0.02490401
-0.02316638
-0.02152171
-0.01992894
-0.01834546
-0.01677411
-0.01526814
-0.01387639
-0.01258055
-0.01129058
-0.00990244
-0.00838578
-0.00682578
-0.00538557
-0.00422427
-0.00341516
-0.00293011
-0.00268187
-0.00258811
-0.00258957
-0.00262442
-0.00258335
-0.00232151
-0.00172424
-0.00080389
0.00026594
0.00121633
0.00183922
0.00211975
0.00225505
0.00251628
0.00306142
0.00382045
0.00455987
0.00506848
0.00534265
0.00560664
0.00615228
0.00709304
0.00824372
0.00921665
0.00969321
0.00966062
0.00944659
0.00950436
0.01011029
0.01118131
0.01236715
0.01332132
0.01395630
0.01448105
0.01520277
0.01626506
0.01753550
0.01869979
0.01950624
0.01992392
0.02010497
0.02018501
0.02011419
0.01968016
0.01871681
0.01731378
0.01584962
0.01476891
0.01428082
0.01417727
0.01397381
0.01324095
0.01192770
0.01040126
0.00920375
0.00867087
0.00870254
0.00882218
0.00850080
0.00749804
0.00600864
0.00451177
0.00346137
0.00300491
0.00290976
0.00270066
0.00193047
0.00040694
-0.00171491
-0.00401594
-0.00598233
-0.00720545
-0.00752175
-0.00707525
-0.00625331
-0.00553100
-0.00525588
-0.00549604
-0.00601012
-0.00640196
-0.00636348
-0.00587998
-0.00521798
-0.00470469
-0.00441794
-0.00403626
-0.00296432
-0.00071119
0.00273628
0.00678781
0.01052060
0.01317404
0.01457509
0.01520793
0.01590825
0.01739174
0.01992799
0.02331177
0.02709760
0.03086592
0.03435697
0.03740519
0.03987944
0.04168737
0.04288128
0.04370591
0.04449297
0.04542064
0.04635043
0.04690580
0.04680145
0.04617464
0.04562536
0.04585431
0.04714219
0.04904703
0.05060628
0.05093934
0.04987043
0.04811752
0.04692010
0.04732350
0.04962097
0.05325370
0.05717808
0.06038446
0.06227312
0.06273366
0.06202414
0.06061200
0.05906419
0.05791826
0.05750256
0.05773467
0.05809134
0.05785219
0.05654078
0.05424027
0.05158264
0.04934127
0.04792899
0.04714826
0.04640220
0.04517468
0.04341762
0.04152102
0.03995580
0.03886400
0.03798215
0.03689340
0.03541807
0.03374789
0.03223351
0.03099887
0.02977124
0.02810007
0.02579632
0.02317757
0.02089530
0.01941075
0.01858700
0.01772567
0.01612577
0.01369469
0.01113187
0.00944444
0.00918716
0.00995476
0.01059434
0.00997507
0.00780837
0.00487613
0.00253761
0.00184457
0.00294233
0.00511740
0.00741095
0.00926462
0.01076882
0.01237076
0.01437354
0.01662012
0.01861585
0.01989959
0.02036105
0.02025144
0.01995919
0.01977515
0.01983683
0.02021376
0.02099358
0.02220896
0.02368739
0.02499867
0.02566118
0.02549960
0.02488706
0.02458267
0.02526355
0.02700222
0.02912831
0.03055795
0.03042894
0.02857523
0.02554833
0.02217992
0.01905716
0.01626402
0.01355022
0.01068361
0.00773158
0.00501248
0.00283817
0.00124665
-0.00000600
-0.00123630
-0.00257004
-0.00386811
-0.00484545
-0.00529611
-0.00521445
-0.00476783
-0.00413774
-0.00340909
-0.00257056
-0.00163421
-0.00071496
-0.00002697
0.00022321
-0.00007424
-0.00088089
-0.00205049
-0.00338334
-0.00469394
-0.00582498
-0.00667752
-0.00723364
-0.00759300
-0.00792824
-0.00840123
-0.00905651
-0.00981090
-0.01051192
-0.01106719
-0.01151553
-0.01202085
-0.01273652
-0.01369165
-0.01473862
-0.01566212
-0.01629403
-0.01660657
-0.01668460
-0.01665238
-0.01658563
-0.01649834
-0.01637847
-0.01626974
-0.01626110
-0.01645533
-0.01691076
-0.01763843
-0.01861825
-0.01983651
-0.02127417
-0.02288515
-0.02455648
-0.02612156
-0.02741546
-0.02835937
-0.02897708
-0.02936816
-0.02961244
-0.02973833
-0.02970625
-0.02946598
-0.02899423
-0.02833371
-0.02754995
-0.02670788
-0.02585248
-0.02504914
-0.02438357
-0.02395764
-0.02382247
-0.02394938
-0.02421208
-0.02445219
-0.02454956
-0.02449591
-0.02437199
-0.02428267
-0.02427296
-0.02432645
-0.02438006
-0.02438660
-0.02433604
-0.02426201
-0.02417786
-0.02405895
-0.02384729
-0.02351521
-0.02309244
-0.02267061
-0.02233447
-0.02213089
-0.02205185
-0.02208085
-0.02223436
-0.02258669
-0.02320133
-0.02404734
-0.02495754
-0.02571989
-0.02619469
-0.02643785
-0.02667702
-0.02719966
-0.02816817
-0.02953740
-0.03110048
-0.03265535
-0.03413793
-0.03563162
-0.03725087
-0.03903117
-0.04087902
-0.04266035
-0.04432025
-0.04595473
-0.04772391
-0.04970822
-0.05180786
-0.05381055
-0.05554005
-0.05700114
-0.05836325
-0.05984066
-0.06149670
-0.06320263
-0.06472089
-0.06590463
-0.06677238
-0.06745327
-0.06799814
-0.06830266
-0.06816440
-0.06749278
-0.06646808
-0.06549859
-0.06493715
-0.06476224
-0.06445659
-0.06324335
-0.06051635
-0.05622070
-0.05090077
-0.04542394
-0.04051622
-0.03645710
-0.03306586
-0.02999619
-0.02703039
-0.02423408
-0.02184046
-0.02007330
-0.01896701
-0.01839522
-0.01818140
-0.01823493
-0.01855564
-0.01914465
-0.01990903
-0.02068676
-0.02133603
-0.02184961
-0.02236901
-0.02310389
-0.02417219
-0.02552826
-0.02698516
-0.02836979
-0.02961769
-0.03081054
-0.03206546
-0.03344195
-0.03487344
-0.03621423
-0.03731520
-0.03812765
-0.03867900
-0.03901205
-0.03910108
-0.03885071
-0.03813710
-0.03688409
-0.03510248
-0.03289881
-0.03041250
-0.02778960
-0.02514402
-0.02258439
-0.02017958
-0.01793921
-0.01578222
-0.01358978
-0.01127171
-0.00884862
-0.00645771
-0.00430749
-0.00254138
-0.00115430
0.00002721
0.00122664
0.00259362
0.00409413
0.00553280
0.00664879
0.00730136
0.00757278
0.00775493
0.00815577
0.00890189
0.00982479
0.01057309
0.01083677
0.01060798
0.01020048
0.01007293
0.01048521
0.01132434
0.01218065
0.01265866
0.01265001
0.01239262
0.01223299
0.01233363
0.01252794
0.01250928
0.01216096
0.01175051
0.01175611
0.01250443
0.01387684
0.01540036
0.01662896
0.01754155
0.01855591
0.02013450
0.02227702
0.02442174
0.02587065
0.02645478
0.02680922
0.02799216
0.03060281
0.03415811
0.03726861
0.03864838
0.03821337
0.03739089
0.03823185
0.04194437
0.04786291
0.05373368
0.05712983
0.05709596
0.05476074
0.05252354
0.05233639
0.05441197
0.05720224
0.05867456
0.05785407
0.05554344
0.05370086
0.05399113
0.05655399
0.05988707
0.06184106
0.06101139
0.05754203
0.05292624
0.04900297
0.04690136
0.04655512
0.04701391
0.04717264
0.04643467
0.04487574
0.04300363
0.04130809
0.03997752
0.03885826
0.03767467
0.03625654
0.03466178
0.03309266
0.03173973
0.03064286
0.02969082
0.02869800
0.02756455
0.02633607
0.02519208
0.02430737
0.02378467
0.02362417
0.02379911
0.02427605
0.02500192
0.02582771
0.02649227
0.02669183
0.02628444
0.02542320
0.02453230
0.02404332
0.02411641
0.02450771
0.02473570
0.02440793
0.02350684
0.02240387
0.02159350
0.02133407
0.02151217
0.02177497
0.02185611
0.02175170
0.02166663
0.02174278
0.02186373
0.02166347
0.02081452
0.01929028
0.01742724
0.01566639
0.01424510
0.01303506
0.01168721
0.00991482
0.00773984
0.00547956
0.00354305
0.00217027
0.00135791
0.00094373
0.00077589
0.00077123
0.00089283
0.00106719
0.00118836
0.00117270
0.00105894
0.00099533
0.00113932
0.00151055
0.00198004
0.00236736
0.00259421
0.00270818
0.00280965
0.00291526
0.00293893
0.00277873
0.00248602
0.00229959
0.00251702
0.00324922
0.00432410
0.00539147
0.00619015
0.00670244
0.00711263
0.00756779
0.00801413
0.00825001
0.00823240
0.00830996
0.00914063
0.01121015
0.01433510
0.01752329
0.01943540
0.01915871
0.01682869
0.01357969
0.01087014
0.00955759
0.00942349
0.00938390
0.00826280
0.00552700
0.00156919
-0.00262760
-0.00610074
-0.00840233
-0.00964082
-0.01019798
-0.01037180
-0.01025363
-0.00981242
-0.00906961
-0.00815415
-0.00723588
-0.00637216
-0.00546195
-0.00431937
-0.00284244
-0.00108495
0.00077394
0.00255877
0.00417088
0.00560952
0.00689851
0.00802797
0.00891234
0.00943450
0.00948625
0.00900900
0.00797764
0.00641369
0.00438363
0.00200935
-0.00057772
-0.00326260
-0.00597708
-0.00867116
-0.01128785
-0.01372320
-0.01585226
-0.01759473
-0.01899240
-0.02018418
-0.02133095
-0.02249823
-0.02364805
-0.02468179
-0.02556336
-0.02637057
-0.02728477
-0.02847553
-0.03000379
-0.03178818
-0.03368466
-0.03554875
-0.03729429
-0.03886639
-0.04023146
-0.04135591
-0.04222735
-0.04286318
-0.04331947
-0.04364432
-0.04384356
-0.04386939
-0.04365962
-0.04315410
-0.04230992
-0.04109344
-0.03952505
-0.03770489
-0.03582947
-0.03412319
-0.03275676
-0.03173708
-0.03092657
-0.03013330
-0.02927790
-0.02843473
-0.02775272
-0.02729089
-0.02693018
-0.02642155
-0.02556920
-0.02438121
-0.02309025
-0.02196456
-0.02110711
-0.02035154
-0.01941353
-0.01809090
-0.01642253
-0.01462662
-0.01294397
-0.01147142
-0.01017964
-0.00902895
-0.00810538
-0.00755518
-0.00741415
-0.00746464
-0.00734442
-0.00681987
-0.00605969
-0.00560921
-0.00605936
-0.00756089
-0.00960183
-0.01122701
-0.01163436
-0.01069017
-0.00903537
-0.00766138
-0.00729105
-0.00794586
-0.00902435
-0.00976333
-0.00976890
-0.00919405
-0.00852385
-0.00814356
-0.00806906
-0.00796238
-0.00741937
-0.00625411
-0.00462279
-0.00288959
-0.00141267
-0.00037321
0.00022292
0.00047944
0.00051508
0.00043544
0.00030842
0.00017859
0.00005617
-0.00005748
-0.00014839
-0.00013297
0.00012925
0.00077178
0.00179626
0.00304141
0.00424794
0.00522674
0.00596683
0.00664750
0.00749414
0.00862047
0.00993326
0.01122711
0.01234471
0.01331746
0.01432386
0.01556188
0.01710276
0.01886605
0.02069965
0.02252832
0.02440172
0.02643123
0.02862798
0.03082892
0.03273908
0.03410974
0.03487445
0.03518658
0.03528934
0.03533885
0.03527127
0.03484866
0.03380496
0.03200945
0.02951122
0.02648970
0.02312244
0.01952249
0.01572582
0.01179441
0.00788704
0.00426416
0.00117563
-0.00124878
-0.00306354
-0.00444689
-0.00559191
-0.00657871
-0.00735114
-0.00777761
-0.00778863
-0.00744850
-0.00695510
-0.00653792
-0.00636091
-0.00644131
-0.00666628
-0.00686449
-0.00691994
-0.00682021
-0.00665126
-0.00652220
-0.00651010
-0.00661956
-0.00681677
-0.00708003
-0.00745583
-0.00802960
-0.00886411
-0.00993038
-0.01113310
-0.01237579
-0.01365613
-0.01507625
-0.01675848
-0.01869382
-0.02067492
-0.02235307
-0.02346307
-0.02399178
-0.02419913
-0.02442891
-0.02486167
-0.02537713
-0.02567525
-0.02556331
-0.02522086
-0.02517324
-0.02598949
-0.02787170
-0.03048314
-0.03312037
-0.03515351
-0.03641942
-0.03729996
-0.03840590
-0.04012078
-0.04231296
-0.04444095
-0.04591627
-0.04647758
-0.04626967
-0.04564886
-0.04484438
-0.04379414
-0.04222561
-0.03994831
-0.03703555
-0.03380046
-0.03055290
-0.02737188
-0.02405099
-0.02029573
-0.01599761
-0.01141201
-0.00706202
-0.00346978
-0.00087763
0.00082527
0.00197872
0.00289520
0.00368734
0.00425203
0.00444465
0.00426423
0.00393065
0.00375500
0.00393709
0.00440319
0.00484426
0.00490855
0.00446721
0.00372668
0.00312305
0.00302563
0.00349709
0.00425014
0.00486808
0.00509941
0.00505099
0.00510318
0.00563898
0.00675809
0.00823159
0.00969128
0.01092540
0.01201853
0.01326990
0.01493725
0.01702908
0.01928803
0.02139623
0.02320746
0.02486281
0.02666381
0.02885893
0.03145047
0.03417141
0.03658039
0.03826424
0.03899939
0.03886964
0.03825025
0.03768607
0.03763991
0.03822101
0.03903066
0.03930387
0.03832853
0.03593029
0.03268647
0.02970079
0.02798489
0.02786622
0.02880333
0.02978029
0.03000955
0.02945138
0.02875549
0.02871656
0.02963021
0.03107832
0.03226335
0.03265688
0.03242206
0.03228314
0.03292651
0.03443198
0.03615252
0.03716195
0.03689860
0.03556321
0.03394731
0.03288420
0.03268508
0.03302049
0.03322533
0.03280579
0.03172543
0.03034008
0.02908324
0.02817620
0.02756909
0.02709771
0.02667219
0.02633526
0.02614328
0.02605433
0.02591341
0.02558164
0.02506533
0.02453474
0.02417553
0.02402122
0.02387519
0.02346291
0.02266204
0.02166427
0.02088685
0.02070312
0.02115178
0.02186950
0.02226307
0.02188136
0.02069294
0.01911168
0.01772635
0.01694889
0.01677635
0.01684951
0.01671064
0.01610555
0.01511397
0.01403966
0.01315924
0.01253783
0.01201240
0.01135318
0.01044014
0.00933851
0.00821812
0.00720581
0.00628308
0.00532375
0.00420731
0.00292215
0.00155777
0.00023079
-0.00099670
-0.00211743
-0.00313227
-0.00399579
-0.00464087
-0.00505431
-0.00534833
-0.00572701
-0.00637515
-0.00734225
-0.00853487
-0.00980444
-0.01107500
-0.01238592
-0.01382528
-0.01540449
-0.01698563
-0.01834041
-0.01930754
-0.01990458
-0.02031172
-0.02073113
-0.02125147
-0.02179027
-0.02218314
-0.02230574
-0.02215805
-0.02180845
-0.02130782
-0.02063382
-0.01975372
-0.01872172
-0.01772231
-0.01698202
-0.01661801
-0.01652042
-0.01639612
-0.01595046
-0.01508057
-0.01393018
-0.01277878
-0.01183444
-0.01111143
-0.01045089
-0.00966619
-0.00867483
-0.00754144
-0.00639913
-0.00535286
-0.00443393
-0.00364101
-0.00298238
-0.00247733
-0.00210090
-0.00175994
-0.00133856
-0.00081915
-0.00036477
-0.00027956
-0.00082093
-0.00199943
-0.00351605
-0.00492631
-0.00591939
-0.00653294
-0.00713587
-0.00819400
-0.00996332
-0.01232943
-0.01488367
-0.01716550
-0.01889768
-0.02006468
-0.02082783
-0.02137772
-0.02183595
-0.02224916
-0.02264202
-0.02304196
-0.02346243
-0.02387360
-0.02421753
-0.02448078
-0.02474933
-0.02520534
-0.02603880
-0.02735366
-0.02911743
-0.03121566
-0.03354247
-0.03606297
-0.03879282
-0.04170705
-0.04468764
-0.04754785
-0.05012264
-0.05235248
-0.05428565
-0.05600551
-0.05753813
-0.05882247
-0.05978216
-0.06043206
-0.06092284
-0.06148809
-0.06232153
-0.06346815
-0.06479856
-0.06607885
-0.06708456
-0.06768353
-0.06784190
-0.06758303
-0.06693342
-0.06588613
-0.06440238
-0.06241772
-0.05987273
-0.05676199
-0.05317683
-0.04933884
-0.04556178
-0.04215932
-0.03930652
-0.03695155
-0.03484217
-0.03265965
-0.03019745
-0.02747324
-0.02469889
-0.02215522
-0.02002252
-0.01831116
-0.01690045
-0.01565320
-0.01450879
-0.01349410
-0.01265364
-0.01198575
-0.01142482
-0.01089357
-0.01036991
-0.00991254
-0.00961141
-0.00951488
-0.00958388
-0.00971892
-0.00981895
-0.00983465
-0.00976654
-0.00962967
-0.00940748
-0.00905110
-0.00851126
-0.00778727
-0.00693401
-0.00603021
-0.00512335
-0.00420680
-0.00323694
-0.00218611
-0.00108021
-0.00000047
0.00096201
0.00175722
0.00240150
0.00295158
0.00346158
0.00394437
0.00437449
0.00471528
0.00495414
0.00510910
0.00521168
0.00528043
0.00532132
0.00535164
0.00543607
0.00568881
0.00623543
0.00713866
0.00834435
0.00968554
0.01096625
0.01207988
0.01308866
0.01420329
0.01566600
0.01758950
0.01987324
0.02224656
0.02443247
0.02632335
0.02804818
0.02987886
0.03204346
0.03456473
0.03724921
0.03982654
0.04212666
0.04417974
0.04614727
0.04817075
0.05026695
0.05235166
0.05438338
0.05647116
0.05883557
0.06160676
0.06461267
0.06733592
0.06913136
0.06958413
0.06879033
0.06735203
0.06606886
0.06551694
0.06578206
0.06649595
0.06713049
0.06733442
0.06708840
0.06661303
0.06611937
0.06562561
0.06494828
0.06384973
0.06222311
0.06015961
0.05787944
0.05559361
0.05341373
0.05135330
0.04938860
0.04750465
0.04568596
0.04386831
0.04193719
0.03979113
0.03743382
0.03500924
0.03273145
0.03074857
0.02903288
0.02739983
0.02565336
0.02375922
0.02190679
0.02039816
0.01944535
0.01900571
0.01879347
0.01846193
0.01783754
0.01703681
0.01638084
0.01617373
0.01648982
0.01713648
0.01778110
0.01816663
0.01825008
0.01818171
0.01815509
0.01825300
0.01839771
0.01843748
0.01827421
0.01793863
0.01754884
0.01720509
0.01691022
0.01656853
0.01607167
0.01539238
0.01460487
0.01383375
0.01316244
0.01258820
0.01202911
0.01138755
0.01060305
0.00968130
0.00866934
0.00763823
0.00666318
0.00582089
0.00517082
0.00473100
0.00445089
0.00422111
0.00391348
0.00344604
0.00282504
0.00214553
0.00153629
0.00109189
0.00082210
0.00065462
0.00047093
0.00016222
-0.00033153
-0.00100443
-0.00180558
-0.00267185
-0.00356627
-0.00449068
-0.00547827
-0.00655578
-0.00770704
-0.00885298
-0.00988613
-0.01073670
-0.01144058
-0.01215047
-0.01306861
-0.01433542
-0.01593994
-0.01770145
-0.01936315
-0.02072179
-0.02172963
-0.02249871
-0.02322004
-0.02405234
-0.02504378
-0.02613208
-0.02719909
-0.02814158
-0.02892193
-0.02956148
-0.03011849
-0.03065912
-0.03124051
-0.03188926
-0.03260130
-0.03333161
-0.03401812
-0.03458934
-0.03499753
-0.03523826
-0.03534530
-0.03536571
-0.03533620
-0.03524137
-0.03500170
-0.03446625
-0.03345249
-0.03180220
-0.02946637
-0.02654210
-0.02326793
-0.01994889
-0.01685830
-0.01416552
-0.01193688
-0.01017983
-0.00891495
-0.00819443
-0.00807242
-0.00854058
-0.00949080
-0.01072092
-0.01199899
-0.01312611
-0.01398493
-0.01453777
-0.01481014
-0.01487848
-0.01484789
-0.01481831
-0.01484386
-0.01490201
-0.01492237
-0.01485200
-0.01473573
-0.01473877
-0.01506822
-0.01583323
-0.01695933
-0.01822210
-0.01939611
-0.02040284
-0.02135249
-0.02241740
-0.02363630
-0.02479402
-0.02550000
-0.02541030
-0.02446261
-0.02291531
-0.02119661
-0.01963196
-0.01827940
-0.01695447
-0.01542547
-0.01361299
-0.01164740
-0.00974410
-0.00803891
-0.00651393
-0.00507762
-0.00370441
-0.00251484
-0.00170016
-0.00136209
-0.00139076
-0.00151291
-0.00146741
-0.00118727
-0.00082460
-0.00062248
-0.00071842
-0.00105151
-0.00142458
-0.00168394
-0.00184379
-0.00206621
-0.00249614
-0.00311476
-0.00371859
-0.00406128
-0.00402781
-0.00372382
-0.00339067
-0.00322662
-0.00323610
-0.00324577
-0.00305154
-0.00259057
-0.00198519
-0.00145077
-0.00112641
-0.00098052
-0.00084372
-0.00056145
-0.00012677
0.00029332
0.00047869
0.00030814
-0.00014624
-0.00066517
-0.00101448
-0.00109696
-0.00100351
-0.00095176
-0.00113461
-0.00160567
-0.00224669
-0.00284908
-0.00322829
-0.00332518
-0.00321722
-0.00306102
-0.00298927
-0.00305250
-0.00320922
-0.00337381
-0.00345732
-0.00340885
-0.00322113
-0.00293375
-0.00261854
-0.00237463
-0.00229206
-0.00240586
-0.00264308
-0.00284163
-0.00282578
-0.00252186
-0.00200888
-0.00148558
-0.00113720
-0.00100912
-0.00095655
-0.00074444
-0.00020578
0.00063814
0.00161091
0.00251092
0.00325629
0.00390629
0.00456455
0.00521785
0.00568159
0.00569705
0.00514326
0.00417196
0.00317040
0.00253519
0.00243660
0.00270788
0.00296763
0.00286885
0.00232647
0.00154399
0.00085871
0.00051078
0.00052424
0.00073554
0.00094695
0.00105565
0.00109110
0.00112523
0.00117088
0.00113689
0.00089858
0.00038792
-0.00034788
-0.00118944
-0.00202743
-0.00284601
-0.00371437
-0.00471647
-0.00584636
-0.00698505
-0.00795186
-0.00862016
-0.00898762
-0.00918299
-0.00937612
-0.00967521
-0.01005184
-0.01037910
-0.01052144
-0.01043697
-0.01018431
-0.00987232
-0.00955462
-0.00917854
-0.00860119
-0.00769792
-0.00645789
-0.00501719
-0.00357844
-0.00230161
-0.00121382
-0.00021915
0.00082980
0.00201680
0.00330634
0.00455602
0.00560310
0.00632938
0.00669637
0.00672004
0.00644985
0.00593796
0.00524128
0.00441707
0.00353189
0.00264104
0.00178717
0.00100164
0.00033273
-0.00016112
-0.00042987
-0.00047686
-0.00036229
-0.00018834
-0.00003754
0.00007344
0.00021825
0.00050376
0.00099244
0.00163351
0.00228291
0.00276765
0.00298802
0.00296774
0.00285500
0.00283717
0.00305428
0.00353152
0.00419133
0.00489057
0.00548898
0.00588935
0.00607100
0.00606687
0.00593486
0.00571249
0.00541004
0.00500627
0.00448054
0.00383876
0.00314516
0.00249860
0.00199572
0.00167504
0.00151131
0.00142933
0.00135852
0.00126879
0.00119289
0.00118364
0.00126898
0.00141599
0.00156121
0.00164968
0.00168128
0.00170608
0.00180346
0.00202269
0.00236109
0.00276718
0.00319269
0.00361501
0.00404898
0.00452446
0.00508400
0.00576175
0.00657600
0.00750218
0.00847248
0.00937666
0.01011969
0.01069105
0.01122153
0.01193368
0.01301595
0.01447163
0.01609247
0.01755331
0.01863151
0.01935690
0.02002713
0.02099126
0.02239793
0.02406774
0.02563150
0.02682712
0.02775745
0.02888163
0.03072690
0.03347807
0.03675950
0.03976760
0.04173125
0.04236999
0.04206720
0.04162265
0.04175642
0.04266150
0.04391627
0.04476485
0.04460287
0.04330966
0.04126780
0.03906775
0.03714627
0.03557361
0.03411314
0.03244958
0.03045568
0.02825875
0.02616588
0.02446561
0.02330603
0.02266565
0.02241695
0.02240473
0.02250386
0.02260291
0.02259796
0.02239816
0.02199442
0.02148254
0.02104412
0.02086261
0.02103518
0.02150452
0.02209325
0.02257891
0.02281474
0.02276813
0.02250212
0.02209810
0.02160975
0.02102943
0.02031973
0.01944055
0.01839426
0.01721117
0.01594149
0.01461755
0.01326529
0.01187409
0.01040859
0.00880196
0.00700516
0.00502094
0.00294425
0.00094194
-0.00079366
-0.00214447
-0.00311813
-0.00384644
-0.00448514
-0.00513349
-0.00578912
-0.00640499
-0.00695548
-0.00749886
-0.00813724
-0.00893397
-0.00981810
-0.01061080
-0.01112773
-0.01132852
-0.01135177
-0.01146081
-0.01188082
-0.01266711
-0.01366855
-0.01463745
-0.01539103
-0.01592536
-0.01638720
-0.01697258
-0.01778730
-0.01880312
-0.01988105
-0.02086838
-0.02166989
-0.02226639
-0.02267012
-0.02289949
-0.02297987
-0.02296953
-0.02293774
-0.02293457
-0.02293133
-0.02281487
-0.02242711
-0.02167421
-0.02060404
-0.01939826
-0.01826791
-0.01734170
-0.01660812
-0.01596933
-0.01533572
-0.01471538
-0.01420618
-0.01392040
-0.01387127
-0.01395476
-0.01400046
-0.01388603
-0.01358596
-0.01317270
-0.01275223
-0.01240628
-0.01214804
-0.01194798
-0.01176113
-0.01154265
-0.01124052
-0.01081195
-0.01024719
-0.00961357
-0.00902333
-0.00858681
-0.00833098
-0.00818227
-0.00800163
-0.00770342
-0.00733061
-0.00705083
-0.00702533
-0.00729089
-0.00770798
-0.00805436
-0.00816329
-0.00804663
-0.00787192
-0.00784109
-0.00802400
-0.00831678
-0.00851454
-0.00847037
-0.00817612
-0.00775193
-0.00732096
-0.00690451
-0.00638869
-0.00563566
-0.00461415
-0.00347733
-0.00248414
-0.00186032
-0.00165559
-0.00172740
-0.00182080
-0.00173689
-0.00144069
-0.00107752
-0.00085978
-0.00095083
-0.00137646
-0.00203479
-0.00274266
-0.00333124
-0.00369901
-0.00383897
-0.00380159
-0.00367094
-0.00352392
-0.00341549
-0.00335049
-0.00330392
-0.00324048
-0.00315497
-0.00306926
-0.00303156
-0.00307793
-0.00321929
-0.00342520
-0.00366716
-0.00395038
-0.00433837
-0.00490597
-0.00569494
-0.00666695
-0.00772378
-0.00874895
-0.00969044
-0.01058364
-0.01152384
-0.01257215
-0.01369805
-0.01478514
-0.01571822
-0.01647073
-0.01715503
-0.01796160
-0.01904964
-0.02042539
-0.02193274
-0.02335133
-0.02453835
-0.02551018
-0.02643210
-0.02749573
-0.02880005
-0.03027779
-0.03177394
-0.03315377
-0.03441425
-0.03566863
-0.03705163
-0.03859671
-0.04018656
-0.04158375
-0.04257194
-0.04306541
-0.04316717
-0.04308437
-0.04301691
-0.04303918
-0.04306539
-0.04289183
-0.04231025
-0.04120747
-0.03962216
-0.03770846
-0.03567248
-0.03368125
-0.03183048
-0.03011364
-0.02846400
-0.02679612
-0.02504952
-0.02319703
-0.02126488
-0.01932668
-0.01749953
-0.01588773
-0.01455938
-0.01349841
-0.01262598
-0.01183425
-0.01106082
-0.01034049
-0.00978895
-0.00950958
-0.00950599
-0.00963905
-0.00969105
-0.00947092
-0.00893596
-0.00821199
-0.00752176
-0.00703166
-0.00676411
-0.00659298
-0.00634524
-0.00589756
-0.00524629
-0.00447593
-0.00369305
-0.00294379
-0.00221416
-0.00146225
-0.00067384
0.00014304
0.00097280
0.00182952
0.00274589
0.00375212
0.00481550
0.00582908
0.00663888
0.00713993
0.00733805
0.00737354
0.00745155
0.00775276
0.00832202
0.00904481
0.00970016
0.01010697
0.01022664
0.01019829
0.01024549
0.01054866
0.01111914
0.01179973
0.01234983
0.01262343
0.01264833
0.01260777
0.01271098
0.01308249
0.01369479
0.01442023
0.01511614
0.01571817
0.01622953
0.01667856
0.01707867
0.01745018
0.01784829
0.01837794
0.01913504
0.02013487
0.02125624
0.02229484
0.02306722
0.02355402
0.02388584
0.02424413
0.02470033
0.02516469
0.02543230
0.02535200
0.02493710
0.02437332
0.02387385
0.02352834
0.02324100
0.02283123
0.02218597
0.02136311
0.02055136
0.01995699
0.01966249
0.01961178
0.01967321
0.01977955
0.01994615
0.02022999
0.02062396
0.02103531
0.02132836
0.02142657
0.02136054
0.02124661
0.02117352
0.02111569
0.02093741
0.02049915
0.01976197
0.01882389
0.01785310
0.01699254
0.01627680
0.01564880
0.01501053
0.01430399
0.01351887
0.01267362
0.01178343
0.01088310
0.01003478
0.00932211
0.00878656
0.00838686
0.00798424
0.00742704
0.00665005
0.00574985
0.00490964
0.00425808
0.00373303
0.00311149
0.00215214
0.00079748
-0.00075875
-0.00215829
-0.00312082
-0.00362338
-0.00391706
-0.00432300
-0.00500980
-0.00587485
-0.00664610
-0.00707501
-0.00711975
-0.00694185
-0.00676898
-0.00670399
-0.00668087
-0.00655091
-0.00624921
-0.00585438
-0.00554443
-0.00544904
-0.00555961
-0.00572801
-0.00579780
-0.00571079
-0.00553619
-0.00536838
-0.00523793
-0.00507963
-0.00481210
-0.00441591
-0.00397772
-0.00361764
-0.00339402
-0.00323072
-0.00298112
-0.00253975
-0.00194058
-0.00132133
-0.00083087
-0.00051755
-0.00032372
-0.00014524
0.00005324
0.00020838
0.00020622
0.00000576
-0.00031656
-0.00060366
-0.00074162
-0.00072885
-0.00068428
-0.00075007
-0.00100166
-0.00139214
-0.00181729
-0.00219801
-0.00254523
-0.00291873
-0.00337132
-0.00389341
-0.00443585
-0.00494511
-0.00542288
-0.00591814
-0.00649413
-0.00716331
-0.00789633
-0.00865393
-0.00944248
-0.01029801
-0.01125927
-0.01231461
-0.01340876
-0.01446514
-0.01545121
-0.01638930
-0.01733554
-0.01830420
-0.01925660
-0.02013040
-0.02091245
-0.02164956
-0.02241948
-0.02324330
-0.02404870
-0.02468279
-0.02503030
-0.02508709
-0.02498371
-0.02487119
-0.02481991
-0.02477473
-0.02463154
-0.02432930
-0.02392916
-0.02355042
-0.02325938
-0.02296020
-0.02244279
-0.02152755
-0.02023071
-0.01877793
-0.01748524
-0.01656080
-0.01599027
-0.01555748
-0.01501860
-0.01426554
-0.01337877
-0.01250637
-0.01172981
-0.01099305
-0.01018098
-0.00924541
-0.00831402
-0.00764049
-0.00745942
-0.00780601
-0.00847933
-0.00913946
-0.00950423
-0.00948036
-0.00919829
-0.00890084
-0.00879815
-0.00894000
-0.00921842
-0.00944340
-0.00946742
-0.00924271
-0.00883905
-0.00838493
-0.00800743
-0.00776405
-0.00764362
-0.00758372
-0.00751449
-0.00736434
-0.00707981
-0.00662469
-0.00600425
-0.00526158
-0.00449089
-0.00380463
-0.00329752
-0.00299109
-0.00284302
-0.00277876
-0.00275132
-0.00274071
-0.00273492
-0.00267546
-0.00245536
-0.00195853
-0.00116792
-0.00022092
0.00062437
0.00115256
0.00133853
0.00140298
0.00168806
0.00245580
0.00369869
0.00513525
0.00637271
0.00716649
0.00755238
0.00780277
0.00821537
0.00892660
0.00983158
0.01069075
0.01129906
0.01162681
0.01180165
0.01199171
0.01227670
0.01262791
0.01295585
0.01320505
0.01339405
0.01360043
0.01389254
0.01428556
0.01474800
0.01524610
0.01575958
0.01626891
0.01672315
0.01705602
0.01723086
0.01729954
0.01739376
0.01766849
0.01817793
0.01880966
0.01931896
0.01948968
0.01926975
0.01882029
0.01839838
0.01819373
0.01818497
0.01816595
0.01788988
0.01728539
0.01652794
0.01595709
0.01586159
0.01631994
0.01714763
0.01801601
0.01863647
0.01891124
0.01892794
0.01885998
0.01883483
0.01888724
0.01896721
0.01902165
0.01902708
0.01900910
0.01899624
0.01899969
0.01900312
0.01901474
0.01906618
0.01920834
0.01945958
0.01979759
0.02014887
0.02043283
0.02058824
0.02060088
0.02048402
0.02025490
0.01991559
0.01948860
0.01902086
0.01859487
0.01828723
0.01813870
0.01811265
0.01810387
0.01798175
0.01767308
0.01719203
0.01663652
0.01612178
0.01571623
0.01538410
0.01501732
0.01449439
0.01379814
0.01304066
0.01241887
0.01208875
0.01206265
0.01218341
0.01222055
0.01202094
0.01163783
0.01128835
0.01120104
0.01142784
0.01179648
0.01201311
0.01188909
0.01149470
0.01115035
0.01120479
0.01178558
0.01266928
0.01342348
0.01366873
0.01332439
0.01263008
0.01197261
0.01160576
0.01150726
0.01141887
0.01108778
0.01044150
0.00963400
0.00890617
0.00842058
0.00815930
0.00798310
0.00775170
0.00743350
0.00707220
0.00669463
0.00622242
0.00551377
0.00446272
0.00310668
0.00161742
0.00020896
-0.00101236
-0.00210332
-0.00323271
-0.00452806
-0.00598582
-0.00747173
-0.00883908
-0.01002521
-0.01109953
-0.01218743
-0.01337628
-0.01462537
-0.01581532
-0.01683077
-0.01766476
-0.01840792
-0.01918789
-0.02006466
-0.02099245
-0.02183149
-0.02244720
-0.02277625
-0.02287074
-0.02283871
-0.02278433
-0.02275127
-0.02272838
-0.02265452
-0.02246648
-0.02211824
-0.02160581
-0.02094647
-0.02019437
-0.01942691
-0.01874001
-0.01820613
-0.01784873
-0.01762393
-0.01744809
-0.01722939
-0.01692609
-0.01656359
-0.01622752
-0.01599554
-0.01590027
-0.01590393
-0.01593512
-0.01592454
-0.01585782
-0.01577584
-0.01574479
-0.01578314
-0.01584493
-0.01583535
-0.01567988
-0.01537351
-0.01500185
-0.01468829
-0.01452563
-0.01450279
-0.01451357
-0.01442650
-0.01417818
-0.01380960
-0.01344709
-0.01321821
-0.01317391
-0.01325205
-0.01333120
-0.01331754
-0.01321819
-0.01311070
-0.01308383
-0.01314055
-0.01318491
-0.01305806
-0.01265573
-0.01200357
-0.01125746
-0.01060225
-0.01014200
-0.00983838
-0.00955352
-0.00914179
-0.00855636
-0.00786288
-0.00717955
-0.00655524
-0.00592537
-0.00514814
-0.00412460
-0.00287708
-0.00155898
-0.00035027
0.00066621
0.00158569
0.00261627
0.00393650
0.00554815
0.00726050
0.00878322
0.00990345
0.01060915
0.01110834
0.01170347
0.01261876
0.01388090
0.01533270
0.01673367
0.01790296
0.01880816
0.01957763
0.02041143
0.02146960
0.02277665
0.02422952
0.02564070
0.02685285
0.02780089
0.02855816
0.02927374
0.03009525
0.03107687
0.03218091
0.03329526
0.03431565
0.03517903
0.03588125
0.03643663
0.03684714
0.03709644
0.03719680
0.03719938
0.03717228
0.03713808
0.03703450
0.03672721
0.03609731
0.03514172
0.03402733
0.03301482
0.03232883
0.03202726
0.03199919
0.03205269
0.03204501
0.03195559
0.03186120
0.03184022
0.03189067
0.03192880
0.03186502
0.03167374
0.03139884
0.03108802
0.03073659
0.03026681
0.02958902
0.02867852
0.02762642
0.02657218
0.02561898
0.02475638
0.02389502
0.02294068
0.02188245
0.02078225
0.01972808
0.01874527
0.01778595
0.01677238
0.01568660
0.01458536
0.01355569
0.01262070
0.01172361
0.01076623
0.00969800
0.00856573
0.00747936
0.00650217
0.00558347
0.00457557
0.00335944
0.00193395
0.00042041
-0.00105426
-0.00245845
-0.00388529
-0.00544105
-0.00712022
-0.00875608
-0.01015854
-0.01130601
-0.01245926
-0.01403764
-0.01636191
-0.01941625
-0.02283392
-0.02611269
-0.02893284
-0.03132117
-0.03356464
-0.03591828
-0.03839653
-0.04075017
-0.04268368
-0.04407650
-0.04505950
-0.04587705
-0.04667219
-0.04737958
-0.04784234
-0.04803157
-0.04817702
-0.04866205
-0.04975323
-0.05136946
-0.05309475
-0.05441315
-0.05505541
-0.05516102
-0.05517689
-0.05554057
-0.05641135
-0.05759819
-0.05873293
-0.05950260
-0.05981339
-0.05976401
-0.05951980
-0.05917874
-0.05875121
-0.05821733
-0.05758630
-0.05688207
-0.05608499
-0.05509522
-0.05376869
-0.05199861
-0.04980322
-0.04732123
-0.04474205
-0.04219167
-0.03969523
-0.03719990
-0.03466464
-0.03208878
-0.02951998
-0.02699407
-0.02451589
-0.02205019
-0.01958022
-0.01714414
-0.01484645
-0.01278875
-0.01101953
-0.00948467
-0.00806238
-0.00660696
-0.00503060
-0.00334446
-0.00166367
-0.00014742
0.00106603
0.00192858
0.00249969
0.00292955
0.00337615
0.00392748
0.00455722
0.00516665
0.00565442
0.00598979
0.00621580
0.00640737
0.00658975
0.00671687
0.00671398
0.00658313
0.00644717
0.00650584
0.00689584
0.00758159
0.00833261
0.00885407
0.00897185
0.00877195
0.00855325
0.00864028
0.00915492
0.00992994
0.01059466
0.01080524
0.01045383
0.00973578
0.00902077
0.00862554
0.00863251
0.00888233
0.00909641
0.00906149
0.00873241
0.00822857
0.00771721
0.00730629
0.00699738
0.00673822
0.00648475
0.00624307
0.00604249
0.00589862
0.00577173
0.00558543
0.00527039
0.00482420
0.00430999
0.00382420
0.00343594
0.00316770
0.00299313
0.00287434
0.00278525
0.00273254
0.00272946
0.00277660
0.00284264
0.00289054
0.00289538
0.00286606
0.00283277
0.00283392
0.00287938
0.00294562
0.00298609
0.00297676
0.00293152
0.00289873
0.00291706
0.00299022
0.00307098
0.00309855
0.00304570
0.00295925
0.00292688
0.00301016
0.00317353
0.00329283
0.00321967
0.00288649
0.00235432
0.00178971
0.00134811
0.00107035
0.00084702
0.00050323
-0.00008379
-0.00089167
-0.00176663
-0.00250486
-0.00297179
-0.00315535
-0.00314886
-0.00306713
-0.00299252
-0.00295758
-0.00297671
-0.00305915
-0.00321619
-0.00343787
-0.00369056
-0.00392378
-0.00411395
-0.00428099
-0.00447616
-0.00472284
-0.00498759
-0.00518715
-0.00525347
-0.00518376
-0.00506123
-0.00499906
-0.00506420
-0.00521123
-0.00530728
-0.00520891
-0.00485960
-0.00431824
-0.00373242
-0.00325157
-0.00295804
-0.00282754
-0.00276223
-0.00264307
-0.00238529
-0.00195175
-0.00136129
-0.00067420
0.00001439
0.00060630
0.00102373
0.00124741
0.00132839
0.00138329
0.00153567
0.00185352
0.00229934
0.00275255
0.00307015
0.00318198
0.00314442
0.00314130
0.00339107
0.00403063
0.00502336
0.00617506
0.00722942
0.00801620
0.00854197
0.00898593
0.00956884
0.01040333
0.01140749
0.01236774
0.01308231
0.01349995
0.01374312
0.01401793
0.01446112
0.01504091
0.01558300
0.01590984
0.01596342
0.01584863
0.01573893
0.01575060
0.01585311
0.01591272
0.01582446
0.01564231
0.01557554
0.01586668
0.01661886
0.01771477
0.01886176
0.01977511
0.02033457
0.02063183
0.02086493
0.02117241
0.02153088
0.02181385
0.02192658
0.02194438
0.02208869
0.02258892
0.02349022
0.02458209
0.02550044
0.02597927
0.02603689
0.02599144
0.02625811
0.02706640
0.02827972
0.02946033
0.03013702
0.03014359
0.02976264
0.02960398
0.03025623
0.03194374
0.03435155
0.03677248
0.03845994
0.03902754
0.03862924
0.03785960
0.03740616
0.03767694
0.03857815
0.03959558
0.04010395
0.03974642
0.03863209
0.03726580
0.03622278
0.03580609
0.03585874
0.03587863
0.03533832
0.03403529
0.03222012
0.03045398
0.02927630
0.02890244
0.02912122
0.02944711
0.02941178
0.02881560
0.02779914
0.02671541
0.02590999
0.02555453
0.02558360
0.02577486
0.02587007
0.02570025
0.02522845
0.02454965
0.02381770
0.02318276
0.02271302
0.02236670
0.02200600
0.02148021
0.02071362
0.01975840
0.01877758
0.01797026
0.01745467
0.01721753
0.01712806
0.01703068
0.01683115
0.01653894
0.01623432
0.01600129
0.01585481
0.01573904
0.01555478
0.01522792
0.01474279
0.01413744
0.01346160
0.01274811
0.01199478
0.01119154
0.01033623
0.00945378
0.00857593
0.00771328
0.00682758
0.00585190
0.00472366
0.00343604
0.00205105
0.00068527
-0.00055334
-0.00161660
-0.00254433
-0.00342771
-0.00436105
-0.00539020
-0.00650771
-0.00766992
-0.00884153
-0.01000734
-0.01116731
-0.01230098
-0.01337368
-0.01436559
-0.01531991
-0.01635055
-0.01761701
-0.01924335
-0.02125746
-0.02357227
-0.02604141
-0.02853271
-0.03099249
-0.03344197
-0.03593247
-0.03848294
-0.04104479
-0.04351161
-0.04577783
-0.04780301
-0.04965388
-0.05148528
-0.05347908
-0.05575115
-0.05828347
-0.06090943
-0.06337587
-0.06546127
-0.06707417
-0.06828437
-0.06926930
-0.07020002
-0.07115630
-0.07209625
-0.07292220
-0.07355920
-0.07401456
-0.07435684
-0.07464922
-0.07489766
-0.07505531
-0.07505487
-0.07486597
-0.07450143
-0.07398666
-0.07329575
-0.07235285
-0.07106015
-0.06936743
-0.06729648
-0.06492260
-0.06231106
-0.05948302
-0.05640740
-0.05304502
-0.04940639
-0.04557680
-0.04169433
-0.03791283
-0.03436284
-0.03113178
-0.02824992
-0.02568714
-0.02335913
-0.02116456
-0.01902421
-0.01693473
-0.01496574
-0.01321686
-0.01172932
-0.01044054
-0.00920847
-0.00789864
-0.00647975
-0.00505263
-0.00377958
-0.00276589
-0.00196795
-0.00121518
-0.00032243
0.00077498
0.00197414
0.00306871
0.00388817
0.00440612
0.00475335
0.00511709
0.00561627
0.00623185
0.00684722
0.00734148
0.00767189
0.00787898
0.00803372
0.00816907
0.00826384
0.00828003
0.00822475
0.00816314
0.00817551
0.00828491
0.00843004
0.00850022
0.00842046
0.00821306
0.00799234
0.00788494
0.00795022
0.00815662
0.00843924
0.00877033
0.00917763
0.00967994
0.01020258
0.01055489
0.01053594
0.01010556
0.00950835
0.00921385
0.00967946
0.01106245
0.01308142
0.01513321
0.01660961
0.01722304
0.01712858
0.01677617
0.01659399
0.01672708
0.01700186
0.01710131
0.01682534
0.01623213
0.01558892
0.01516509
0.01506146
0.01515068
0.01519701
0.01501188
0.01456150
0.01394684
0.01331691
0.01277679
0.01236410
0.01207488
0.01190088
0.01182895
0.01181510
0.01177168
0.01160381
0.01126769
0.01080707
0.01033292
0.00995466
0.00970138
0.00950047
0.00922190
0.00876499
0.00811744
0.00736329
0.00663414
0.00605369
0.00569530
0.00557455
0.00565556
0.00586835
0.00611931
0.00631364
0.00638578
0.00633307
0.00621705
0.00613067
0.00613823
0.00623331
0.00633637
0.00634458
0.00619465
0.00590694
0.00557038
0.00529092
0.00513152
0.00509053
0.00511657
0.00515117
0.00516119
0.00514887
0.00513292
0.00512681
0.00512711
0.00512538
0.00511919
0.00511655
0.00512371
0.00513605
0.00513507
0.00510704
0.00506349
0.00505242
0.00513629
0.00535224
0.00567530
0.00601724
0.00625993
0.00631231
0.00615279
0.00584042
0.00548354
0.00519082
0.00502631
0.00499586
0.00505319
0.00512676
0.00514574
0.00506424
0.00486988
0.00458277
0.00424231
0.00389319
0.00356826
0.00328554
0.00305473
0.00289165
0.00281853
0.00284772
0.00295339
0.00305968
0.00305215
0.00282472
0.00233390
0.00163530
0.00087096
0.00021409
-0.00020526
-0.00035195
-0.00029674
-0.00017823
-0.00013988
-0.00026605
-0.00055052
-0.00090595
-0.00121408
-0.00138495
-0.00140351
-0.00133120
-0.00126234
-0.00125982
-0.00131845
-0.00137793
-0.00138014
-0.00131979
-0.00125235
-0.00124502
-0.00131485
-0.00140349
-0.00142223
-0.00133267
-0.00119893
-0.00115630
-0.00131468
-0.00166169
-0.00204847
-0.00227492
-0.00222391
-0.00194188
-0.00160609
-0.00139182
-0.00133938
-0.00131248
-0.00108438
-0.00048691
0.00047513
0.00162651
0.00273394
0.00365230
0.00440683
0.00516290
0.00610783
0.00732485
0.00873432
0.01014118
0.01135645
0.01231870
0.01314541
0.01406786
0.01528611
0.01681954
0.01845812
0.01984774
0.02069068
0.02094200
0.02087213
0.02096427
0.02165724
0.02311418
0.02512199
0.02718993
0.02877850
0.02952556
0.02937007
0.02852083
0.02735021
0.02626837
0.02562823
0.02564799
0.02635524
0.02755922
0.02888571
0.02991121
0.03035221
0.03020168
0.02972985
0.02932023
0.02924719
0.02953422
0.02997538
0.03030116
0.03036671
0.03022227
0.03004215
0.02997421
0.03003678
0.03013718
0.03017127
0.03011458
0.03003329
0.03000823
0.03004740
0.03007639
0.02999823
0.02976612
0.02940653
0.02896632
0.02844539
0.02778180
0.02691824
0.02588746
0.02484026
0.02396552
0.02335596
0.02292494
0.02244585
0.02169968
0.02063107
0.01939630
0.01825221
0.01738563
0.01677616
0.01622375
0.01548338
0.01444241
0.01320238
0.01201860
0.01114984
0.01072798
0.01070178
0.01090212
0.01113804
0.01127108
0.01123163
0.01098627
0.01051331
0.00981740
0.00895350
0.00804267
0.00723319
0.00662722
0.00621393
0.00586226
0.00538522
0.00464771
0.00365034
0.00254000
0.00152940
0.00077646
0.00029125
-0.00006909
-0.00051682
-0.00121046
-0.00216935
-0.00327532
-0.00435549
-0.00528397
-0.00603899
-0.00668176
-0.00728650
-0.00787901
-0.00843247
-0.00891574
-0.00935013
-0.00981770
-0.01040796
-0.01114397
-0.01194844
-0.01269569
-0.01330027
-0.01379559
-0.01432563
-0.01504227
-0.01599873
-0.01709176
-0.01811857
-0.01890561
-0.01940618
-0.01972403
-0.02003581
-0.02048420
-0.02111427
-0.02188907
-0.02274555
-0.02364276
-0.02455959
-0.02546394
-0.02628458
-0.02694516
-0.02742116
-0.02777471
-0.02812729
-0.02857673
-0.02911911
-0.02963893
-0.02997108
-0.03002172
-0.02982862
-0.02954369
-0.02933117
-0.02926962
-0.02930203
-0.02928943
-0.02910032
-0.02869911
-0.02815921
-0.02760296
-0.02712727
-0.02673729
-0.02635757
-0.02587577
-0.02521445
-0.02437669
-0.02344408
-0.02253901
-0.02176347
-0.02116132
-0.02071431
-0.02038043
-0.02014130
-0.02002059
-0.02007126
-0.02031875
-0.02072335
-0.02117894
-0.02156115
-0.02179133
-0.02187256
-0.02187731
-0.02187903
-0.02190624
-0.02193139
-0.02191371
-0.02185534
-0.02181111
-0.02185560
-0.02202357
-0.02227621
-0.02253802
-0.02276513
-0.02299327
-0.02332452
-0.02384743
-0.02455596
-0.02532880
-0.02600173
-0.02646552
-0.02673858
-0.02694736
-0.02722265
-0.02760484
-0.02800719
-0.02828026
-0.02831459
-0.02811436
-0.02778756
-0.02747620
-0.02726374
-0.02714820
-0.02706717
-0.02695574
-0.02678202
-0.02653488
-0.02619692
-0.02573255
-0.02511623
-0.02437134
-0.02358754
-0.02288652
-0.02235374
-0.02198527
-0.02169114
-0.02136040
-0.02093168
-0.02042246
-0.01989369
-0.01938140
-0.01884455
-0.01819254
-0.01735067
-0.01635084
-0.01533667
-0.01449388
-0.01394266
-0.01364865
-0.01343716
-0.01308296
-0.01242981
-0.01147688
-0.01035454
-0.00923435
-0.00822386
-0.00731346
-0.00640552
-0.00540244
-0.00428568
-0.00314231
-0.00210879
-0.00128257
-0.00065252
-0.00010352
0.00051798
0.00130857
0.00225152
0.00322302
0.00406805
0.00468702
0.00509200
0.00539160
0.00573365
0.00623174
0.00692233
0.00775977
0.00865074
0.00949688
0.01023322
0.01084084
0.01134711
0.01179819
0.01223918
0.01268617
0.01313126
0.01355885
0.01398757
0.01447028
0.01506733
0.01579480
0.01657543
0.01726111
0.01772459
0.01796350
0.01814636
0.01853521
0.01932501
0.02049517
0.02181232
0.02295903
0.02376216
0.02430810
0.02489282
0.02580493
0.02710986
0.02859010
0.02990012
0.03081021
0.03137879
0.03189923
0.03267870
0.03379482
0.03503237
0.03602713
0.03653230
0.03657949
0.03645134
0.03646281
0.03674966
0.03719055
0.03753768
0.03760632
0.03740976
0.03710198
0.03683208
0.03661202
0.03632354
0.03584338
0.03518169
0.03451691
0.03407960
0.03399110
0.03417811
0.03442520
0.03453354
0.03445015
0.03428114
0.03418552
0.03424296
0.03438398
0.03445693
0.03433886
0.03403489
0.03365573
0.03333157
0.03311152
0.03294747
0.03274376
0.03244926
0.03210374
0.03180196
0.03160131
0.03146182
0.03124994
0.03082685
0.03013047
0.02922707
0.02826243
0.02738225
0.02665530
0.02604657
0.02546344
0.02481997
0.02407465
0.02324361
0.02237792
0.02153247
0.02074125
0.02000808
0.01930254
0.01857341
0.01776283
0.01685220
0.01588556
0.01496967
0.01421722
0.01367271
0.01326704
0.01283471
0.01219853
0.01127664
0.01013536
0.00894401
0.00786079
0.00693305
0.00607992
0.00517574
0.00416267
0.00311559
0.00219665
0.00153717
0.00112378
0.00079008
0.00031300
-0.00044636
-0.00146718
-0.00259874
-0.00367650
-0.00463055
-0.00552073
-0.00647113
-0.00757345
-0.00882906
-0.01017292
-0.01153560
-0.01289397
-0.01426360
-0.01565665
-0.01703961
-0.01834596
-0.01952697
-0.02060179
-0.02165842
-0.02279851
-0.02406413
-0.02540417
-0.02670150
-0.02784569
-0.02879926
-0.02961704
-0.03041263
-0.03129469
-0.03231241
-0.03344642
-0.03462134
-0.03574108
-0.03671705
-0.03749715
-0.03806728
-0.03845163
-0.03869415
-0.03884493
-0.03893560
-0.03897113
-0.03893629
-0.03881780
-0.03861077
-0.03831683
-0.03793196
-0.03743302
-0.03678416
-0.03595472
-0.03493756
-0.03375322
-0.03244648
-0.03107137
-0.02968492
-0.02834959
-0.02713156
-0.02608283
-0.02521359
-0.02448107
-0.02379959
-0.02307324
-0.02223247
-0.02126028
-0.02017787
-0.01901902
-0.01781418
-0.01660639
-0.01545773
-0.01444066
-0.01359585
-0.01289602
-0.01223181
-0.01146261
-0.01050567
-0.00940101
-0.00829841
-0.00737683
-0.00673375
-0.00633908
-0.00605693
-0.00573338
-0.00526755
-0.00463923
-0.00387252
-0.00299879
-0.00204601
-0.00107221
-0.00017716
0.00052463
0.00098060
0.00125226
0.00150941
0.00193722
0.00262649
0.00350920
0.00440678
0.00514425
0.00565973
0.00601765
0.00634251
0.00671523
0.00712786
0.00750874
0.00780849
0.00805341
0.00833642
0.00873952
0.00927503
0.00987511
0.01045071
0.01094939
0.01138817
0.01182587
0.01230235
0.01279717
0.01323595
0.01352372
0.01360238
0.01346072
0.01314978
0.01276334
0.01242891
0.01225156
0.01227417
0.01242730
0.01254061
0.01241119
0.01191969
0.01112115
0.01023541
0.00952213
0.00913270
0.00902174
0.00899897
0.00886802
0.00857039
0.00821250
0.00797272
0.00794875
0.00808712
0.00822940
0.00824794
0.00813891
0.00801519
0.00799568
0.00810015
0.00822695
0.00825114
0.00813965
0.00799358
0.00795686
0.00808710
0.00828357
0.00835424
0.00815566
0.00771166
0.00719147
0.00677506
0.00650069
0.00624373
0.00583298
0.00522585
0.00457418
0.00413913
0.00409218
0.00437153
0.00469331
0.00474114
0.00438149
0.00376323
0.00321395
0.00303336
0.00331220
0.00390691
0.00455091
0.00502691
0.00526292
0.00532091
0.00529826
0.00525489
0.00519468
0.00510610
0.00499022
0.00486523
0.00473720
0.00458967
0.00439157
0.00414091
0.00388241
0.00369263
0.00362040
0.00365500
0.00373107
0.00377924
0.00376637
0.00371269
0.00366215
0.00364748
0.00366296
0.00368329
0.00368702
0.00367746
0.00366387
0.00364944
0.00362510
0.00359238
0.00357438
0.00362093
0.00377359
0.00403268
0.00433455
0.00458634
0.00471623
0.00471991
0.00465020
0.00458169
0.00455938
0.00458328
0.00461617
0.00462507
0.00460329
0.00457281
0.00455347
0.00455042
0.00455160
0.00454924
0.00454379
0.00454625
0.00455774
0.00455926
0.00450658
0.00435910
0.00410761
0.00379722
0.00350831
0.00332787
0.00330182
0.00341021
0.00355745
0.00361373
0.00347128
0.00310315
0.00257614
0.00202881
0.00160168
0.00136810
0.00128519
0.00122028
0.00101805
0.00058811
-0.00005856
-0.00081751
-0.00155594
-0.00217990
-0.00268526
-0.00314564
-0.00366968
-0.00434097
-0.00518846
-0.00616811
-0.00717982
-0.00809448
-0.00881029
-0.00929129
-0.00959728
-0.00986701
-0.01027295
-0.01093504
-0.01185610
-0.01290871
-0.01390624
-0.01469782
-0.01525472
-0.01568520
-0.01617274
-0.01686642
-0.01780684
-0.01890541
-0.02002434
-0.02105155
-0.02195527
-0.02276010
-0.02350063
-0.02416276
-0.02469419
-0.02505524
-0.02528986
-0.02552659
-0.02591829
-0.02653645
-0.02731066
-0.02804315
-0.02852259
-0.02864500
-0.02849610
-0.02830242
-0.02830552
-0.02862076
-0.02919098
-0.02982561
-0.03032241
-0.03057124
-0.03060291
-0.03053870
-0.03051328
-0.03059695
-0.03079388
-0.03106330
-0.03135100
-0.03159886
-0.03175500
-0.03176220
-0.03158075
-0.03120849
-0.03070165
-0.03015000
-0.02962990
-0.02915352
-0.02867625
-0.02811530
-0.02741470
-0.02657628
-0.02567576
-0.02481804
-0.02408786
-0.02350440
-0.02302207
-0.02254378
-0.02196967
-0.02124552
-0.02038989
-0.01948739
-0.01864602
-0.01792171
-0.01728842
-0.01663868
-0.01584222
-0.01482734
-0.01362999
-0.01237141
-0.01117918
-0.01010004
-0.00909375
-0.00807646
-0.00701481
-0.00596035
-0.00502315
-0.00426830
-0.00364737
-0.00300642
-0.00219847
-0.00118922
-0.00009788
0.00088185
0.00159869
0.00203947
0.00230900
0.00254047
0.00278775
0.00301618
0.00316749
0.00325423
0.00337127
0.00364284
0.00412177
0.00475111
0.00539446
0.00594049
0.00636720
0.00673944
0.00712154
0.00751745
0.00786490
0.00810672
0.00824639
0.00836331
0.00854857
0.00883765
0.00917581
0.00948033
0.00971954
0.00996474
0.01033929
0.01093560
0.01173511
0.01261931
0.01342086
0.01402666
0.01442223
0.01468119
0.01490744
0.01518480
0.01554976
0.01599132
0.01645930
0.01689889
0.01727917
0.01763596
0.01805195
0.01861894
0.01935318
0.02016090
0.02085633
0.02128772
0.02145788
0.02158215
0.02196648
0.02282215
0.02409697
0.02547892
0.02654872
0.02702706
0.02691470
0.02647178
0.02600954
0.02570645
0.02552575
0.02531341
0.02494604
0.02445018
0.02397570
0.02368275
0.02361725
0.02370074
0.02379337
0.02381056
0.02375016
0.02367562
0.02363873
0.02365269
0.02368409
0.02370432
0.02370515
0.02369066
0.02363742
0.02349447
0.02321378
0.02279841
0.02231779
0.02187594
0.02155953
0.02140124
0.02137146
0.02141822
0.02148639
0.02153300
0.02150932
0.02137346
0.02111419
0.02079060
0.02050070
0.02032303
0.02023817
0.02012366
0.01981234
0.01922562
0.01844715
0.01770541
0.01721864
0.01706348
0.01712445
0.01718730
0.01708608
0.01680735
0.01646746
0.01619992
0.01603754
0.01590062
0.01569333
0.01540743
0.01513995
0.01500301
0.01500584
0.01500863
0.01478704
0.01420236
0.01330148
0.01231073
0.01147510
0.01090872
0.01053677
0.01018817
0.00973046
0.00918143
0.00868178
0.00838628
0.00833614
0.00844367
0.00856155
0.00859706
0.00854894
0.00848280
0.00845266
0.00846517
0.00848399
0.00848777
0.00849139
0.00852247
0.00855016
0.00847174
0.00816016
0.00756916
0.00678666
0.00601594
0.00545752
0.00519238
0.00512694
0.00507341
0.00488280
0.00455462
0.00421694
0.00402800
0.00405048
0.00421169
0.00435239
0.00435380
0.00421877
0.00406918
0.00403607
0.00415823
0.00433972
0.00441699
0.00425821
0.00385663
0.00332574
0.00282252
0.00242629
0.00208977
0.00166997
0.00103866
0.00017507
-0.00079043
-0.00164263
-0.00220148
-0.00245060
-0.00255942
-0.00280104
-0.00339128
-0.00437208
-0.00558066
-0.00675887
-0.00771326
-0.00844794
-0.00914325
-0.01001881
-0.01115446
-0.01242772
-0.01358277
-0.01442663
-0.01496865
-0.01544935
-0.01616887
-0.01727792
-0.01866045
-0.02001531
-0.02106846
-0.02176648
-0.02230231
-0.02297072
-0.02393711
-0.02511044
-0.02621040
-0.02697880
-0.02736282
-0.02753657
-0.02775215
-0.02815950
-0.02870562
-0.02922821
-0.02961520
-0.02993276
-0.03037289
-0.03109439
-0.03206676
-0.03307389
-0.03384037
-0.03421609
-0.03424816
-0.03412305
-0.03401750
-0.03399241
-0.03400605
-0.03402788
-0.03411401
-0.03438474
-0.03490129
-0.03558000
-0.03619168
-0.03649811
-0.03639933
-0.03600706
-0.03555557
-0.03523882
-0.03507089
-0.03489797
-0.03450066
-0.03373920
-0.03260836
-0.03121960
-0.02970636
-0.02815953
-0.02660643
-0.02505449
-0.02349846
-0.02193019
-0.02031074
-0.01859253
-0.01675184
-0.01482864
-0.01292059
-0.01114730
-0.00957520
-0.00818800
-0.00691479
-0.00571884
-0.00463814
-0.00377093
-0.00318155
-0.00283496
-0.00257476
-0.00220643
-0.00160227
-0.00079074
0.00007628
0.00081793
0.00134275
0.00167557
0.00192054
0.00216240
0.00241014
0.00259060
0.00262924
0.00252216
0.00236352
0.00227498
0.00232360
0.00246111
0.00256256
0.00251279
0.00232017
0.00214001
0.00220237
0.00265247
0.00344770
0.00435600
0.00509206
0.00547171
0.00552276
0.00544329
0.00546626
0.00569485
0.00606139
0.00639492
0.00656556
0.00655913
0.00647276
0.00641543
0.00642992
0.00646848
0.00646881
0.00642085
0.00638393
0.00640551
0.00645755
0.00642754
0.00621446
0.00582105
0.00539490
0.00513529
0.00515271
0.00535932
0.00552569
0.00543468
0.00504330
0.00449146
0.00398695
0.00362717
0.00332726
0.00288340
0.00215611
0.00119002
0.00019194
-0.00064910
-0.00131603
-0.00199121
-0.00290150
-0.00412934
-0.00550579
-0.00670762
-0.00746860
-0.00777744
-0.00787247
-0.00807103
-0.00853467
-0.00917654
-0.00973638
-0.00999026
-0.00991127
-0.00968637
-0.00955937
-0.00964678
-0.00984581
-0.00993060
-0.00971853
-0.00921396
-0.00859873
-0.00811611
-0.00789363
-0.00786662
-0.00781752
-0.00753074
-0.00691100
-0.00602711
-0.00504054
-0.00411644
-0.00333556
-0.00268646
-0.00209221
-0.00147342
-0.00076518
0.00006722
0.00103010
0.00207037
0.00308071
0.00392237
0.00450329
0.00483371
0.00505905
0.00539285
0.00600702
0.00690606
0.00791796
0.00877971
0.00930244
0.00947211
0.00946284
0.00951716
0.00980214
0.01030297
0.01086053
0.01128520
0.01148857
0.01150625
0.01145973
0.01144682
0.01149007
0.01153730
0.01153877
0.01227908
0.01225581
0.01228401
0.01235355
0.01239493
0.01236543
0.01229556
0.01231500
0.01257136
0.01314116
0.01395175
0.01481964
0.01556011
0.01610395
0.01652044
0.01694834
0.01748213
0.01809125
0.01862590
0.01893034
0.01895375
0.01879914
0.01865502
0.01867503
0.01889253
0.01921886
0.01951456
0.01971259
0.01985768
0.02007798
0.02047084
0.02103119
0.02164879
0.02218649
0.02255625
0.02276530
0.02286050
0.02286934
0.02274329
0.02240766
0.02185658
0.02123019
0.02077071
0.02070561
0.02109792
0.02179414
0.02248630
0.02289556
0.02292627
0.02271742
0.02252004
0.02253883
0.02279152
0.02312436
0.02331851
0.02323930
0.02291640
0.02251041
0.02219464
0.02205535
0.02206498
0.02213075
0.02216218
0.02212232
0.02201819
0.02186693
0.02164890
0.02131906
0.02083775
0.02021434
0.01950432
0.01879689
0.01817495
0.01769912
0.01738316
0.01721254
0.01714908
0.01714853
0.01715210
0.01711899
0.01703038
0.01691913
0.01682918
0.01679607
0.01680480
0.01678382
0.01663039
0.01626972
0.01571539
0.01508161
0.01452784
0.01418190
0.01407570
0.01413246
0.01420303
0.01415464
0.01392958
0.01357069
0.01315832
0.01275906
0.01237603
0.01196303
0.01145973
0.01084979
0.01018746
0.00959094
0.00917329
0.00899595
0.00902008
0.00912613
0.00914282
0.00893753
0.00847439
0.00784650
0.00722001
0.00676013
0.00653887
0.00651235
0.00654681
0.00651978
0.00639459
0.00624155
0.00615612
0.00617582
0.00623141
0.00620514
0.00602723
0.00577740
0.00566918
0.00593745
0.00665906
0.00767464
0.00864272
0.00922600
0.00926046
0.00883990
0.00822542
0.00768467
0.00731293
0.00702142
0.00662781
0.00601585
0.00522243
0.00442859
0.00384405
0.00358980
0.00361760
0.00375133
0.00378348
0.00359660
0.00320492
0.00274462
0.00238416
0.00223356
0.00226761
0.00234608
0.00228976
0.00199562
0.00148728
0.00090628
0.00041186
0.00007677
-0.00017990
-0.00053297
-0.00113240
-0.00198101
-0.00292967
-0.00376212
-0.00434710
-0.00472420
-0.00509101
-0.00565946
-0.00651151
-0.00753249
-0.00850052
-0.00923069
-0.00970386
-0.01006860
-0.01055212
-0.01130480
-0.01231945
-0.01344710
-0.01451979
-0.01545359
-0.01628763
-0.01712857
-0.01806827
-0.01911327
-0.02019335
-0.02122096
-0.02216612
-0.02306756
-0.02399807
-0.02499001
-0.02601993
-0.02701578
-0.02792947
-0.02877133
-0.02962778
-0.03059887
-0.03172923
-0.03296467
-0.03419001
-0.03529224
-0.03622705
-0.03702954
-0.03778646
-0.03856614
-0.03938404
-0.04020148
-0.04098171
-0.04171396
-0.04241273
-0.04308172
-0.04369907
-0.04421789
-0.04460655
-0.04487554
-0.04508481
-0.04528786
-0.04548440
-0.04559682
-0.04553298
-0.04524665
-0.04478730
-0.04426538
-0.04378998
-0.04337600
-0.04293629
-0.04233003
-0.04147104
-0.04037402
-0.03913964
-0.03787306
-0.03662569
-0.03536713
-0.03403993
-0.03261727
-0.03114169
-0.02969223
-0.02831954
-0.02699712
-0.02565592
-0.02423502
-0.02275164
-0.02130699
-0.02004048
-0.01904330
-0.01829779
-0.01768256
-0.01704486
-0.01627127
-0.01534772
-0.01434799
-0.01340163
-0.01262220
-0.01206030
-0.01167383
-0.01136179
-0.01100082
-0.01050966
-0.00988041
-0.00919103
-0.00855039
-0.00803706
-0.00764344
-0.00729900
-0.00691862
-0.00647402
-0.00601887
-0.00566082
-0.00547557
-0.00545297
-0.00548746
-0.00546621
-0.00534046
-0.00516740
-0.00505084
-0.00505327
-0.00511396
-0.00506038
-0.00471043
-0.00400841
-0.00308492
-0.00220229
-0.00160322
-0.00137784
-0.00140661
-0.00144596
-0.00127742
-0.00085186
-0.00030002
0.00016189
0.00038986
0.00039620
0.00034399
0.00043175
0.00077655
0.00134112
0.00198191
0.00254589
0.00296748
0.00327726
0.00356129
0.00388189
0.00424112
0.00457890
0.00483085
0.00497050
0.00503114
0.00507185
0.00515190
0.00530377
0.00553900
0.00584459
0.00619980
0.00657523
0.00694590
0.00728636
0.00758828
0.00785768
0.00811361
0.00836338
0.00860691
0.00884198
0.00908757
0.00937472
0.00973485
0.01016400
0.01061232
0.01099089
0.01122467
0.01129959
0.01128392
0.01128205
0.01138027
0.01159204
0.01186329
0.01209872
0.01222415
0.01222185
0.01212805
0.01199447
0.01186266
0.01175473
0.01169194
0.01169502
0.01179048
0.01199197
0.01228448
0.01261550
0.01291929
0.01314183
0.01326642
0.01330549
0.01328889
0.01324246
0.01318504
0.01311324
0.01301734
0.01288774
0.01273379
0.01258092
0.01247498
0.01246251
0.01256958
0.01277114
0.01299465
0.01314721
0.01316810
0.01305337
0.01286233
0.01267443
0.01254844
0.01248048
0.01242343
0.01232657
0.01217796
0.01200604
0.01185895
0.01176787
0.01173237
0.01172320
0.01171783
0.01171223
0.01172358
0.01175748
0.01179909
0.01181587
0.01178448
0.01170106
0.01158497
0.01145814
0.01133435
0.01120423
0.01106068
0.01090857
0.01077063
0.01066187
0.01057417
0.01047110
0.01031619
0.01009093
0.00981822
0.00954634
0.00932146
0.00915257
0.00901302
0.00886053
0.00867051
0.00844425
0.00820335
0.00797029
0.00775600
0.00755299
0.00734919
0.00713368
0.00690199
0.00664195
0.00634008
0.00598899
0.00560648
0.00523170
0.00491426
0.00468735
0.00455137
0.00447356
0.00441059
0.00433607
0.00425291
0.00416978
0.00408584
0.00397453
0.00380345
0.00355258
0.00324419
0.00293484
0.00269203
0.00254750
0.00248020
0.00242488
0.00230741
0.00207905
0.00174108
0.00134011
0.00094851
0.00062797
0.00040705
0.00027016
0.00017123
0.00005045
-0.00013336
-0.00038650
-0.00067791
-0.00096870
-0.00123606
-0.00148927
-0.00175288
-0.00204223
-0.00233317
-0.00256806
-0.00268809
-0.00268620
-0.00262268
-0.00260042
-0.00269945
-0.00292834
-0.00321067
-0.00343372
-0.00351759
-0.00347269
-0.00338970
-0.00338414
-0.00352286
-0.00379428
-0.00412151
-0.00441722
-0.00463027
-0.00476918
-0.00487850
-0.00500540
-0.00517191
-0.00537857
-0.00561255
-0.00585947
-0.00609975
-0.00630953
-0.00645846
-0.00652433
-0.00650605
-0.00643588
-0.00636463
-0.00634051
-0.00638515
-0.00649455
-0.00664639
-0.00681786
-0.00699205
-0.00715962
-0.00730905
-0.00742330
-0.00748102
-0.00747546
-0.00741825
-0.00733971
-0.00727461
-0.00725075
-0.00727345
-0.00732494
-0.00736687
-0.00736398
-0.00729579
-0.00717146
-0.00702551
-0.00690808
-0.00685550
-0.00687334
-0.00692826
-0.00696969
-0.00695597
-0.00688186
-0.00677931
-0.00670054
-0.00668118
-0.00671901
-0.00677006
-0.00678015
-0.00671512
-0.00658152
-0.00641660
-0.00626575
-0.00615152
-0.00606486
-0.00597585
-0.00586253
-0.00572502
-0.00558389
-0.00546065
-0.00536253
-0.00527465
-0.00517505
-0.00505056
-0.00491200
-0.00478253
-0.00467882
-0.00459514
-0.00450897
-0.00439756
-0.00426093
-0.00412139
-0.00401038
-0.00393865
-0.00388210
-0.00379101
-0.00362572
-0.00338150
-0.00309558
-0.00281971
-0.00259092
-0.00240949
-0.00224868
-0.00207965
-0.00189839
-0.00172244
-0.00157078
-0.00143878
-0.00129914
-0.00112129
-0.00089967
-0.00066180
-0.00045463
-0.00030837
-0.00021658
-0.00014001
-0.00004041
0.00009273
0.00023489
0.00035059
0.00042239
0.00046952
0.00053440
0.00065415
0.00083224
0.00103890
0.00123174
0.00138405
0.00149347
0.00157484
0.00164026
0.00168979
0.00171338
0.00170774
0.00168497
0.00166979
0.00168081
0.00171926
0.00176876
0.00181086
0.00183772
0.00185822
0.00188697
0.00193091
0.00197936
0.00201311
0.00201986
0.00200821
0.00200294
0.00203103
0.00210257
0.00220461
0.00230677
0.00238071
0.00241450
0.00241690
0.00240509
0.00239220
0.00237894
0.00235895
0.00232726
0.00229060
0.00226525
0.00226785
0.00230069
0.00234862
0.00238605
0.00239389
0.00237061
0.00233532
0.00231594
0.00233341
0.00238786
0.00246041
0.00252467
0.00256323
0.00257426
0.00256993
0.00256458
0.00256566
0.00256793
0.00256077
0.00253743
0.00250260
0.00246881
0.00244957
0.00244947
0.00246147
0.00246936
0.00245867
0.00242435
0.00237482
0.00232553
0.00229038
0.00227303
0.00226576
0.00225251
0.00221950
0.00216251
0.00209022
0.00201788
0.00195958
0.00191992
0.00189281
0.00186472
0.00182345
0.00176403
0.00169133
0.00161477
0.00154339
0.00148136
0.00142843
0.00138130
0.00133722
0.00129425
0.00125034
0.00120154
0.00114378
0.00107584
0.00100265
0.00093346
0.00087715
0.00083618
0.00080412
0.00076793
0.00071644
0.00064741
0.00056987
0.00049820
0.00044408
0.00040939
0.00038650
0.00036314
0.00033100
0.00028972
0.00024685
0.00021137
0.00018856
0.00017711
0.00017092
0.00016224
0.00014580
0.00012020
0.00008797
0.00005337
0.00002127
-0.00000441
-0.00002128
-0.00002954
-0.00003137
-0.00002994
-0.00002761
-0.00002549
-0.00002322
-0.00002036
-0.00001700
-0.00001422
-0.00001265
-0.00001161
-0.00000887
-0.00000260
0.00000727
0.00001845
0.00002798
0.00003407
0.00003778
0.00004203
0.00004942
0.00005965
0.00006963
0.00007560
0.00007615
0.00007338
0.00007189
0.00007574
0.00008608
0.00010036
0.00011449
0.00012540
0.00013289
0.00013887
0.00014566
0.00015413
0.00016341
0.00017166
0.00017776
0.00018198
0.00018571
0.00019027
0.00019606
0.00020256
0.00020894
0.00021462
0.00021965
0.00022443
0.00022943
0.00023488
0.00024093
0.00024788
0.00025627
0.00026649
0.00027856
0.00029208
0.00030645
0.00032115
0.00033602
0.00035117
0.00036683
0.00038302
0.00039961
0.00041650
0.00043379
0.00045174
0.00047066
0.00049061
0.00051136
0.00053245
0.00055346
0.00057423
0.00059490
0.00061579
0.00063713
0.00065898
0.00068118
0.00070349
0.00072568
0.00074765
0.00076938
0.00079091
0.00081225
0.00083335
0.00085411
0.00087442
0.00089417
0.00091329
0.00093177
0.00094958


