0.00071200
0.00071233
0.00071228
0.00071140
0.00070986
0.00070842
0.00070796
0.00070866
0.00070936
0.00070757
0.00070006
0.00068454
0.00066144
0.00063581
0.00061685
0.00061497
0.00063647
0.00067802
0.00072478
0.00075433
0.00074617
0.00069210
0.00060165
0.00049805
0.00040620
0.00033837
0.00028589
0.00022177
0.00011392
-0.00005718
-0.00028372
-0.00052503
-0.00071347
-0.00077141
-0.00063475
-0.00027787
0.00027018
0.00092721
0.00158098
0.00212763
0.00250880
0.00272791
0.00283524
0.00288881
0.00291331
0.00288202
0.00273184
0.00240230
0.00187423
0.00118629
0.00042468
-0.00030132
-0.00088394
-0.00123547
-0.00130655
-0.00110994
-0.00074279
-0.00038319
-0.00023759
-0.00044443
-0.00097340
-0.00158273
-0.00187842
-0.00146565
-0.00012656
0.00206157
0.00472433
0.00730137
0.00921313
0.01001268
0.00946739
0.00756902
0.00449349
0.00054191
-0.00390289
-0.00840146
-0.01246004
-0.01554183
-0.01710059
-0.01668807
-0.01409935
-0.00953199
-0.00365941
0.00246337
0.00764728
0.01090375
0.01171921
0.01015113
0.00673309
0.00226413
-0.00239975
-0.00647447
-0.00930678
-0.01042224
-0.00960644
-0.00698545
-0.00304536
0.00146257
0.00570004
0.00891690
0.01054238
0.01019572
0.00769170
0.00313510
-0.00290616
-0.00927406
-0.01432926
-0.01638399
-0.01436645
-0.00841051
-0.00002175
0.00836075
0.01431205
0.01647035
0.01517885
0.01237463
0.01073008
0.01244209
0.01824466
0.02711710
0.03677780
0.04465504
0.04880266
0.04834042
0.04334547
0.03440728
0.02227053
0.00776165
-0.00806036
-0.02374150
-0.03750318
-0.04754707
-0.05243575
-0.05138696
-0.04445452
-0.03265202
-0.01808971
-0.00388419
0.00638469
0.00983099
0.00565822
-0.00396329
-0.01427520
-0.01970244
-0.01629464
-0.00355961
0.01533923
0.03513579
0.05082597
0.05945667
0.06043202
0.05453951
0.04269506
0.02556204
0.00424691
-0.01860653
-0.03851977
-0.05033308
-0.05040674
-0.03857208
-0.01860354
0.00322437
0.02070845
0.03008443
0.03103871
0.02612792
0.01918875
0.01369428
0.01171841
0.01367157
0.01856879
0.02454892
0.02947393
0.03153855
0.02975185
0.02412219
0.01544800
0.00487985
-0.00642232
-0.01727228
-0.02617392
-0.03119530
-0.03042391
-0.02299550
-0.01015398
0.00448245
0.01593865
0.01991012
0.01480028
0.00262186
-0.01181021
-0.02299566
-0.02708883
-0.02330375
-0.01383153
-0.00252930
0.00675930
0.01142456
0.01044995
0.00407686
-0.00673758
-0.02064480
-0.03591561
-0.05032247
-0.06115902
-0.06550286
-0.06072140
-0.04504834
-0.01827269
0.01767135
0.05829933
0.09683265
0.12546190
0.13752400
0.13003380
0.10518910
0.07003316
0.03397913
0.00539762
-0.01110442
-0.01539093
-0.01045294
-0.00019776
0.01212470
0.02410868
0.03349435
0.03773789
0.03465813
0.02382949
0.00754147
-0.00966791
-0.02287104
-0.02886277
-0.02717001
-0.01949194
-0.00832748
0.00390629
0.01466107
0.02064807
0.01823820
0.00549260
-0.01522734
-0.03635730
-0.04759874
-0.04119490
-0.01705105
0.01573171
0.04241883
0.04944231
0.03051441
-0.01133425
-0.06623950
-0.12205350
-0.16777720
-0.19445420
-0.19473350
-0.16361020
-0.10097930
-0.01445720
0.08034547
0.16392660
0.21990970
0.24107980
0.23075420
0.19898670
0.15670850
0.11197430
0.07014059
0.03649868
0.01734618
0.01733723
0.03460869
0.05813527
0.07102001
0.05916354
0.02026765
-0.03299402
-0.07831476
-0.09466610
-0.07230075
-0.01612528
0.05824568
0.13227760
0.19106940
0.22597040
0.23402440
0.21637630
0.17737290
0.12395860
0.06432338
0.00572077
-0.04673340
-0.08900638
-0.11549020
-0.11779500
-0.08758210
-0.02292834
0.06640742
0.15973280
0.23346460
0.27192580
0.27371480
0.24909450
0.21065210
0.16449110
0.10859520
0.03891215
-0.04262042
-0.12525550
-0.19407430
-0.23794530
-0.25403720
-0.24611680
-0.22004550
-0.18217820
-0.14284230
-0.11980260
-0.13423080
-0.19706550
-0.29358020
-0.37972790
-0.39834100
-0.30954920
-0.11683080
0.12936420
0.35533250
0.50090100
0.54585400
0.51023330
0.43144070
0.33715090
0.23402030
0.11776040
-0.00752185
-0.11950690
-0.18703580
-0.19138970
-0.14170190
-0.07150783
-0.01849808
-0.00324710
-0.02256789
-0.06059216
-0.10593250
-0.15924430
-0.22500030
-0.29583380
-0.34521310
-0.33771290
-0.25142990
-0.09647211
0.08490249
0.23755800
0.31973040
0.31952320
0.25332870
0.15085940
0.03926702
-0.06352636
-0.14576640
-0.19634740
-0.20470280
-0.16717520
-0.09418708
-0.01052641
0.05346242
0.07493409
0.04754199
-0.01912976
-0.10821160
-0.20518740
-0.30145440
-0.39032610
-0.46018650
-0.49254110
-0.46890180
-0.38355550
-0.25306320
-0.11398080
-0.00678717
0.04594392
0.05347115
0.05227459
0.08351238
0.16532370
0.27785740
0.37174010
0.39588090
0.32719110
0.18327010
0.01054945
-0.14252410
-0.24844010
-0.30515090
-0.32299440
-0.30801010
-0.25750610
-0.17085930
-0.06413902
0.02759101
0.06680920
0.03904680
-0.03228171
-0.09526556
-0.09914703
-0.02439079
0.10716570
0.24796080
0.35324940
0.40176050
0.39592570
0.34691350
0.26082460
0.13951090
-0.00598459
-0.14433390
-0.22967070
-0.22467670
-0.12551060
0.03112631
0.18618790
0.29046620
0.32848020
0.31857350
0.29116010
0.26371870
0.23117280
0.17718310
0.09488406
-0.00093461
-0.08026278
-0.11737350
-0.10768810
-0.06910701
-0.02802917
-0.00193133
0.00776647
0.00909620
0.00720686
-0.00166857
-0.02466860
-0.06089720
-0.09571646
-0.10749630
-0.08271959
-0.02722181
0.03614412
0.08270801
0.10238800
0.10451940
0.10722240
0.12014570
0.13450760
0.12874470
0.08550146
0.00644001
-0.08669813
-0.16552550
-0.21229310
-0.22766580
-0.22410680
-0.21165320
-0.18873500
-0.14572260
-0.07738969
0.00736744
0.08766345
0.14361020
0.16919190
0.17410870
0.17268080
0.16927470
0.15316920
0.10800370
0.02872066
-0.06790958
-0.14843530
-0.18068920
-0.15182490
-0.07384901
0.02579718
0.11982020
0.19084270
0.23050140
0.23261340
0.19064100
0.10371740
-0.01352875
-0.12813960
-0.19916360
-0.19707450
-0.12001500
0.00429325
0.13202610
0.22261280
0.25216450
0.21543570
0.12036150
-0.01654713
-0.16986940
-0.30406180
-0.37854440
-0.36187050
-0.24848980
-0.06620175
0.13326400
0.29705540
0.39420290
0.42497730
0.41233110
0.38308830
0.35262440
0.32217760
0.28722900
0.24733730
0.20810710
0.17389690
0.13839990
0.08284956
-0.01403388
-0.15945960
-0.33426820
-0.49424520
-0.58624130
-0.57157560
-0.44458670
-0.23693720
-0.00535813
0.19097340
0.31252740
0.35105320
0.32637010
0.27166800
0.21573090
0.17139170
0.13528370
0.09689220
0.04964815
-0.00348258
-0.05313066
-0.09214756
-0.12253320
-0.15479570
-0.19936120
-0.25594100
-0.30862380
-0.33134020
-0.30135320
-0.21309400
-0.08396417
0.05183865
0.15844080
0.21419410
0.22013070
0.19691560
0.17254800
0.16758030
0.18574630
0.21393900
0.23090250
0.21907110
0.17292560
0.09994230
0.01454331
-0.07046319
-0.14909890
-0.22120280
-0.28663740
-0.33942350
-0.36639290
-0.35179840
-0.28518360
-0.16798760
-0.01495278
0.14986370
0.30032700
0.41471040
0.47924490
0.48852780
0.44427060
0.35358370
0.22792930
0.08227745
-0.06544631
-0.19547300
-0.28806980
-0.32664730
-0.30192440
-0.21601140
-0.08426975
0.06694222
0.20701280
0.31016590
0.36306290
0.36740890
0.33658500
0.28838060
0.23754320
0.19110330
0.14814070
0.10274120
0.04842425
-0.01800550
-0.09417815
-0.17197630
-0.23946080
-0.28467790
-0.30003180
-0.28561980
-0.24935850
-0.20356110
-0.15922210
-0.12138050
-0.08834900
-0.05531968
-0.02001667
0.01337916
0.03480736
0.03316767
0.00250295
-0.05423353
-0.12581770
-0.19697300
-0.25334020
-0.28474690
-0.28611400
-0.25699420
-0.20089500
-0.12514070
-0.04038693
0.04078723
0.10647090
0.14798520
0.16131690
0.14705800
0.10951200
0.05595435
-0.00386775
-0.05860144
-0.09738350
-0.11312590
-0.10537380
-0.08064252
-0.04926252
-0.02015219
0.00362230
0.02553404
0.05197441
0.08644607
0.12527620
0.15760010
0.16978930
0.15192980
0.10287790
0.03125812
-0.04761217
-0.11723850
-0.16545460
-0.18774200
-0.18730450
-0.17233130
-0.15165640
-0.13094050
-0.11122460
-0.09053009
-0.06776584
-0.04650807
-0.03576663
-0.04665265
-0.08627474
-0.15245300
-0.23253500
-0.30744460
-0.35876060
-0.37489820
-0.35338740
-0.29885980
-0.21907570
-0.12199350
-0.01532590
0.09218341
0.18987130
0.26606520
0.31094660
0.31977010
0.29489290
0.24551540
0.18532590
0.12846100
0.08505591
0.05758641
0.03979403
0.01939950
-0.01588777
-0.07178114
-0.14393180
-0.21997290
-0.28611040
-0.33413260
-0.36407130
-0.38072890
-0.38691120
-0.37875260
-0.34727810
-0.28556950
-0.19625680
-0.09351872
0.00298412
0.07834205
0.13000990
0.16732080
0.20332780
0.24488210
0.28785480
0.32056620
0.33258280
0.32194460
0.29580210
0.26421320
0.23224710
0.19650670
0.14875960
0.08364255
0.00493738
-0.07462826
-0.13980940
-0.18113000
-0.19946090
-0.20413310
-0.20631620
-0.21239580
-0.22152560
-0.22813590
-0.22698400
-0.21690710
-0.20077220
-0.18256590
-0.16415420
-0.14429560
-0.12048900
-0.09179725
-0.06037612
-0.03047141
-0.00569865
0.01307714
0.02767955
0.04046680
0.05209188
0.06095532
0.06493131
0.06386709
0.06089799
0.06129216
0.06964147
0.08729198
0.11187290
0.13890250
0.16406590
0.18439450
0.19793050
0.20271450
0.19678800
0.17943830
0.15267360
0.12137000
0.09102459
0.06448528
0.04008244
0.01282693
-0.02171721
-0.06357695
-0.10737760
-0.14536250
-0.17257680
-0.19056990
-0.20663600
-0.22852560
-0.25770790
-0.28567700
-0.29618410
-0.27275620
-0.20758890
-0.10689590
0.01051989
0.12068620
0.20419390
0.25276630
0.26981130
0.26505840
0.24716760
0.21898540
0.17812460
0.12204530
0.05336308
-0.01853968
-0.08108809
-0.12493930
-0.14869610
-0.15834600
-0.16149930
-0.16025580
-0.14786270
-0.11199060
-0.04280552
0.05895759
0.17941150
0.29605820
0.38686030
0.43846260
0.44902980
0.42503020
0.37531600
0.30688520
0.22478500
0.13504620
0.04705719
-0.02762930
-0.07983312
-0.10757320
-0.11733590
-0.12046730
-0.12705720
-0.14121470
-0.16082020
-0.18112860
-0.19869340
-0.21266770
-0.22247100
-0.22514390
-0.21560780
-0.19118950
-0.15692910
-0.12691040
-0.11866810
-0.14313760
-0.19660630
-0.26083590
-0.31222410
-0.33467510
-0.32776100
-0.30492410
-0.28288160
-0.26982660
-0.26010650
-0.23868790
-0.19148260
-0.11463730
-0.01660704
0.08709675
0.18177460
0.25840710
0.31314140
0.34339520
0.34493600
0.31284800
0.24556990
0.14858930
0.03458832
-0.08057733
-0.18327950
-0.26572640
-0.32587740
-0.36466890
-0.38299120
-0.38056490
-0.35683900
-0.31257250
-0.25064880
-0.17555780
-0.09255608
-0.00772511
0.07125775
0.13456310
0.17151840
0.17400770
0.14057300
0.07840167
0.00147270
-0.07498402
-0.14050890
-0.19253980
-0.23459460
-0.27108080
-0.30217130
-0.32273580
-0.32589840
-0.30865170
-0.27494190
-0.23340910
-0.19098680
-0.14705710
-0.09275650
-0.01687049
0.08524744
0.20564590
0.32512220
0.42124750
0.47830520
0.49295300
0.47301270
0.43106090
0.37782670
0.31910610
0.25695770
0.19242280
0.12706020
0.06231611
-0.00144613
-0.06434406
-0.12470770
-0.17732980
-0.21464320
-0.23076020
-0.22594600
-0.20750530
-0.18558620
-0.16625810
-0.14665400
-0.11612670
-0.06327401
0.01541173
0.11094390
0.20432440
0.27490960
0.30949830
0.30740810
0.27884880
0.23863140
0.19875980
0.16390520
0.13104130
0.09276745
0.04205468
-0.02380527
-0.10159000
-0.18294670
-0.25707050
-0.31377310
-0.34594510
-0.35054710
-0.32836350
-0.28318860
-0.22127590
-0.15081500
-0.08120574
-0.02153110
0.02145342
0.04493441
0.05017002
0.04110245
0.02227423
-0.00235587
-0.02916991
-0.05378586
-0.07076453
-0.07500735
-0.06442476
-0.04181985
-0.01423473
0.01060709
0.02873436
0.04243994
0.05897134
0.08614813
0.12741450
0.17930180
0.23254550
0.27599850
0.30092760
0.30369170
0.28572990
0.25193780
0.20831290
0.16042360
0.11255520
0.06760140
0.02734091
-0.00715547
-0.03520243
-0.05642958
-0.07122189
-0.08132665
-0.09004279
-0.10118200
-0.11700050
-0.13616680
-0.15348690
-0.16196400
-0.15655890
-0.13711830
-0.10883450
-0.07928677
-0.05437674
-0.03569322
-0.02118921
-0.00833709
0.00270705
0.00852962
0.00487817
-0.00964113
-0.03151159
-0.05335318
-0.06734624
-0.06839446
-0.05514360
-0.02869854
0.00901820
0.05551278
0.10621560
0.15315600
0.18584720
0.19514020
0.17793340
0.13952040
0.09152868
0.04634746
0.01154992
-0.01238007
-0.02994579
-0.04597989
-0.06195552
-0.07545499
-0.08261906
-0.08113850
-0.07163466
-0.05678808
-0.03957006
-0.02213730
-0.00618553
0.00617692
0.01223978
0.00985371
-0.00104171
-0.01779580
-0.03609503
-0.05172587
-0.06168984
-0.06376790
-0.05535065
-0.03302732
0.00580720
0.06010997
0.12317770
0.18377620
0.23051210
0.25716480
0.26558990
0.26414190
0.26240790
0.26552840
0.27166880
0.27419850
0.26669140
0.24740300
0.21996520
0.19036520
0.16231540
0.13472290
0.10266470
0.06136420
0.01013960
-0.04631980
-0.10005130
-0.14355560
-0.17264630
-0.18673310
-0.18695810
-0.17395420
-0.14719010
-0.10612540
-0.05215594
0.01025832
0.07423583
0.13229810
0.17807570
0.20697260
0.21582670
0.20238300
0.16527620
0.10492290
0.02448328
-0.06954926
-0.16782490
-0.25923880
-0.33243440
-0.37766300
-0.38877180
-0.36500910
-0.31178640
-0.23957920
-0.16095870
-0.08678817
-0.02351315
0.02696086
0.06491259
0.08989285
0.09936653
0.09013553
0.06143683
0.01750328
-0.03260023
-0.07796321
-0.10993970
-0.12473080
-0.12317090
-0.10835040
-0.08315415
-0.04944549
-0.00920129
0.03384793
0.07361120
0.10298140
0.11624140
0.11113110
0.08935018
0.05566971
0.01636189
-0.02204569
-0.05362935
-0.07361825
-0.07908612
-0.06951366
-0.04691835
-0.01509569
0.02156250
0.05907696
0.09404726
0.12326450
0.14331760
0.15094700
0.14399090
0.12242820
0.08855631
0.04628101
-0.00016890
-0.04707712
-0.09134130
-0.13011510
-0.16083780
-0.18189150
-0.19346910
-0.19777410
-0.19791750
-0.19575610
-0.19023880
-0.17737670
-0.15246940
-0.11312850
-0.06163988
-0.00480682
0.04832896
0.08995827
0.11598350
0.12652980
0.12434710
0.11263750
0.09347373
0.06764291
0.03550898
-0.00187329
-0.04231845
-0.08288432
-0.12078050
-0.15403320
-0.18155320
-0.20282080
-0.21733590
-0.22433440
-0.22286640
-0.21215620
-0.19202230
-0.16305480
-0.12668240
-0.08500932
-0.04092363
0.00201883
0.03971109
0.06805087
0.08378727
0.08557051
0.07453710
0.05405954
0.02847073
0.00148288
-0.02495537
-0.05062499
-0.07601305
-0.10091170
-0.12381920
-0.14253660
-0.15562380
-0.16345820
-0.16797740
-0.17114960
-0.17328230
-0.17230360
-0.16485850
-0.14835520
-0.12289700
-0.09158038
-0.05919919
-0.03012989
-0.00674846
0.01106631
0.02530987
0.03888000
0.05458217
0.07436528
0.09851315
0.12506170
0.14978600
0.16747340
0.17394000
0.16799370
0.15193890
0.13035620
0.10787510
0.08732021
0.06939851
0.05380739
0.04061027
0.03076172
0.02532260
0.02432061
0.02624286
0.02878534
0.03020576
0.03038195
0.03069772
0.03298731
0.03821843
0.04590407
0.05429525
0.06110339
0.06410905
0.06165581
0.05307022
0.03925402
0.02307958
0.00914098
0.00228520
0.00529139
0.01670975
0.03054481
0.03851276
0.03436226
0.01804299
-0.00276371
-0.01547429
-0.00889623
0.02005291
0.06345369
0.10556590
0.13104570
0.13353430
0.11945860
0.10410720
0.10234800
0.11949770
0.14854730
0.17526100
0.18766410
0.18301310
0.16775440
0.15068970
0.13534820
0.11734530
0.08932774
0.04935903
0.00587103
-0.02546335
-0.03136713
-0.01045790
0.02458575
0.05412060
0.06354349
0.05205719
0.03258816
0.02308626
0.03535560
0.06834711
0.10955650
0.14253290
0.15535430
0.14532780
0.11832790
0.08445681
0.05327397
0.03041355
0.01655211
0.00817020
-0.00018665
-0.01288896
-0.03047123
-0.04877435
-0.06081019
-0.06084434
-0.04822426
-0.02840101
-0.00992713
0.00069718
0.00299589
0.00244292
0.00656554
0.01986837
0.04114009
0.06459675
0.08373799
0.09481208
0.09767810
0.09389604
0.08421333
0.06750074
0.04188987
0.00685313
-0.03540099
-0.08031762
-0.12258510
-0.15777530
-0.18290930
-0.19628210
-0.19718020
-0.18616470
-0.16560230
-0.13991920
-0.11484790
-0.09596392
-0.08711894
-0.08962115
-0.10225170
-0.12208060
-0.14541880
-0.16864450
-0.18891230
-0.20447800
-0.21465870
-0.21923930
-0.21752580
-0.20785730
-0.18783530
-0.15573700
-0.11205070
-0.06048652
-0.00740621
0.04003438
0.07611309
0.09790512
0.10538210
0.10036860
0.08525634
0.06227049
0.03355541
0.00168847
-0.02995148
-0.05748277
-0.07726521
-0.08682435
-0.08534375
-0.07371558
-0.05403617
-0.02899898
-0.00130224
0.02664331
0.05291854
0.07612501
0.09541935
0.11044450
0.12137920
0.12886560
0.13395520
0.13782070
0.14135000
0.14465460
0.14690880
0.14648020
0.14176840
0.13213950
0.11859300
0.10346640
0.08921257
0.07663186
0.06389873
0.04703919
0.02212643
-0.01204359
-0.05230557
-0.09182979
-0.12285410
-0.14016410
-0.14330640
-0.13639170
-0.12560100
-0.11599320
-0.10934270
-0.10435570
-0.09833696
-0.08934541
-0.07709033
-0.06235312
-0.04554382
-0.02590243
-0.00205946
0.02620755
0.05651700
0.08382509
0.10214970
0.10698440
0.09715250
0.07490908
0.04478571
0.01187204
-0.01920073
-0.04461052
-0.06151954
-0.06869399
-0.06709522
-0.05961745
-0.04921973
-0.03630859
-0.01707984
0.01514071
0.06571418
0.13383260
0.21070090
0.28240640
0.33643560
0.36755570
0.37916400
0.37924570
0.37389070
0.36316050
0.34248600
0.30810210
0.26230340
0.21364940
0.17197170
0.14182040
0.11958360
0.09711496
0.06923290
0.03954024
0.01963080
0.02167720
0.04955198
0.09474041
0.14024430
0.16980390
0.17653620
0.16518370
0.14747580
0.13403200
0.12872770
0.12852350
0.12778870
0.12317810
0.11561990
0.10861230
0.10506180
0.10520430
0.10720320
0.10913060
0.11046640
0.11189420
0.11391370
0.11581070
0.11598360
0.11324990
0.10803730
0.10233550
0.09846820
0.09750209
0.09879451
0.10059570
0.10126690
0.09998675
0.09666716
0.09132641
0.08371047
0.07342275
0.06054786
0.04603113
0.03155353
0.01887578
0.00931064
0.00353818
0.00186512
0.00441396
0.01113546
0.02152181
0.03445892
0.04837348
0.06184014
0.07409832
0.08517917
0.09534746
0.10439680
0.11120020
0.11397410
0.11111820
0.10215730
0.08813254
0.07126534
0.05399781
0.03812817
0.02441826
0.01289551
0.00340239
-0.00388034
-0.00841760
-0.00966904
-0.00763953
-0.00305813
0.00281512
0.00870606
0.01367664
0.01725436
0.01915162
0.01896242
0.01602596
0.00971943
-0.00020087
-0.01338458
-0.02908119
-0.04644737
-0.06484705
-0.08387887
-0.10327310
-0.12262350
-0.14124890
-0.15823250
-0.17255360
-0.18329540
-0.18985440
-0.19215060
-0.19077400
-0.18693100
-0.18199470
-0.17685270
-0.17137570
-0.16415420
-0.15310830
-0.13655380
-0.11437950
-0.08862387
-0.06300602
-0.04159512
-0.02728998
-0.02076103
-0.02053180
-0.02396524
-0.02866674
-0.03328463
-0.03745681
-0.04102699
-0.04343867
-0.04374809
-0.04145147
-0.03735539
-0.03371842
-0.03309144
-0.03656386
-0.04255555
-0.04738872
-0.04741259
-0.04156538
-0.03247443
-0.02526540
-0.02447725
-0.03119121
-0.04220225
-0.05200488
-0.05608628
-0.05341745
-0.04633791
-0.03814992
-0.03010249
-0.02015198
-0.00434635
0.02002895
0.05195074
0.08643852
0.11689260
0.13819010
0.14868650
0.14986970
0.14426930
0.13331460
0.11663750
0.09319299
0.06300872
0.02825339
-0.00719300
-0.03935295
-0.06571547
-0.08587198
-0.10076890
-0.11138650
-0.11770100
-0.11865010
-0.11302100
-0.10051740
-0.08232756
-0.06091123
-0.03897431
-0.01842387
0.00021113
0.01741324
0.03379743
0.04915019
0.06212846
0.07072997
0.07339931
0.06990165
0.06145280
0.04983192
0.03623514
0.02054645
0.00168184
-0.02135356
-0.04829636
-0.07732874
-0.10575360
-0.13128450
-0.15276670
-0.17006650
-0.18310240
-0.19114070
-0.19271230
-0.18645040
-0.17191600
-0.14988490
-0.12160110
-0.08775942
-0.04805459
-0.00196898
0.04980031
0.10419420
0.15603080
0.19952330
0.23045070
0.24740320
0.25159520
0.24525110
0.22996170
0.20584930
0.17224010
0.12904360
0.07810877
0.02337052
-0.03002731
-0.07739623
-0.11577890
-0.14442090
-0.16413830
-0.17636880
-0.18202080
-0.18104240
-0.17260740
-0.15586000
-0.13069730
-0.09824794
-0.06084676
-0.02154481
0.01662993
0.05120665
0.08056115
0.10377810
0.12052650
0.13091000
0.13537750
0.13452070
0.12876800
0.11804780
0.10183140
0.07954349
0.05141363
0.01910615
-0.01422697
-0.04483637
-0.06958451
-0.08694130
-0.09706112
-0.10108760
-0.09997841
-0.09375512
-0.08149209
-0.06208943
-0.03509356
-0.00124089
0.03758866
0.07862573
0.11861090
0.15409640
0.18190190
0.19964990
0.20652570
0.20353740
0.19311210
0.17784290
0.15919710
0.13692060
0.10965550
0.07635997
0.03775862
-0.00320467
-0.04219884
-0.07523775
-0.10009110
-0.11673570
-0.12661030
-0.13135360
-0.13184450
-0.12797910
-0.11923790
-0.10560110
-0.08801476
-0.06848724
-0.04956859
-0.03371190
-0.02256359
-0.01657527
-0.01500058
-0.01650819
-0.01999899
-0.02535501
-0.03345520
-0.04545143
-0.06150294
-0.07998349
-0.09779282
-0.11189870
-0.12104860
-0.12648550
-0.13100450
-0.13694120
-0.14436760
-0.15091640
-0.15350740
-0.15074380
-0.14416530
-0.13744390
-0.13394560
-0.13452740
-0.13696600
-0.13771110
-0.13443680
-0.12772580
-0.12048420
-0.11561930
-0.11374260
-0.11248860
-0.10796040
-0.09712162
-0.07956342
-0.05752297
-0.03430178
-0.01248552
0.00693199
0.02397098
0.03859401
0.04996577
0.05676700
0.05801534
0.05381603
0.04527649
0.03380335
0.02026783
0.00486977
-0.01237156
-0.03086040
-0.04918703
-0.06546063
-0.07808872
-0.08632672
-0.09037263
-0.09085386
-0.08828511
-0.08279047
-0.07437714
-0.06328803
-0.05024898
-0.03629456
-0.02243738
-0.00927695
0.00305112
0.01468383
0.02561065
0.03550160
0.04371940
0.04963235
0.05284610
0.05341766
0.05178131
0.04858711
0.04440380
0.03963606
0.03453679
0.02937834
0.02447693
0.02022632
0.01691713
0.01462077
0.01304458
0.01168870
0.01002810
0.00773372
0.00463550
0.00066529
-0.00426449
-0.01017572
-0.01689376
-0.02378733
-0.02977614
-0.03355151
-0.03407833
-0.03093615
-0.02443110
-0.01533196
-0.00455065
0.00719809
0.01942846
0.03176622
0.04365805
0.05432636
0.06284007
0.06838646
0.07039160
0.06864222
0.06322893
0.05454026
0.04319061
0.03007822
0.01633555
0.00323441
-0.00812072
-0.01695644
-0.02292383
-0.02594859
-0.02609589
-0.02338526
-0.01784195
-0.00965811
0.00051564
0.01151372
0.02177770
0.02972841
0.03407856
0.03411318
0.02970774
0.02125063
0.00941672
-0.00490256
-0.02069435
-0.03687608
-0.05250275
-0.06687441
-0.07958514
-0.09033193
-0.09871785
-0.10402540
-0.10530100
-0.10171500
-0.09295290
-0.07942620
-0.06208689
-0.04194098
-0.01974239
0.00406694
0.02895480
0.05387137
0.07699438
0.09608617
0.10915020
0.11508640
0.11391330
0.10652850
0.09428537
0.07866484
0.06105033
0.04277781
0.02502549
0.00866792
-0.00591877
-0.01868885
-0.02954406
-0.03788305
-0.04263879
-0.04267111
-0.03740954
-0.02710575
-0.01256018
0.00563714
0.02752694
0.05347041
0.08298869
0.11374290
0.14143580
0.16109100
0.16901660
0.16447790
0.14975960
0.12881890
0.10511420
0.08038328
0.05465888
0.02761496
-0.00012805
-0.02653546
-0.04894613
-0.06538921
-0.07558240
-0.08081583
-0.08304599
-0.08378891
-0.08367203
-0.08259552
-0.08032035
-0.07683343
-0.07241117
-0.06732832
-0.06169225
-0.05547525
-0.04880390
-0.04202422
-0.03560173
-0.02982364
-0.02473323
-0.02019552
-0.01616386
-0.01276636
-0.01023206
-0.00854178
-0.00726931
-0.00569595
-0.00330464
-0.00011729
0.00327012
0.00613876
0.00812462
0.00953486
0.01111263
0.01353082
0.01685257
0.02052440
0.02374623
0.02606035
0.02755632
0.02875052
0.03009855
0.03167934
0.03312128
0.03399125
0.03415311
0.03390796
0.03366999
0.03360859
0.03343792
0.03266957
0.03100564
0.02873186
0.02662625
0.02552739
0.02570861
0.02669978
0.02757468
0.02761928
0.02678463
0.02572672
0.02527961
0.02584332
0.02697621
0.02766853
0.02695832
0.02457633
0.02105804
0.01746430
0.01481090
0.01374158
0.01445823
0.01704160
0.02165768
0.02856587
0.03775461
0.04868911
0.06026582
0.07117831
0.08032545
0.08717154
0.09171545
0.09424580
0.09494231
0.09378254
0.09060511
0.08535780
0.07817691
0.06943117
0.05959932
0.04922756
0.03884687
0.02902702
0.02033538
0.01329786
0.00824326
0.00531283
0.00448059
0.00565784
0.00864888
0.01314772
0.01867073
0.02461697
0.03029919
0.03509908
0.03849249
0.04008348
0.03952651
0.03663881
0.03149997
0.02454412
0.01637795
0.00753413
-0.00180485
-0.01178212
-0.02264012
-0.03429112
-0.04616100
-0.05738547
-0.06739190
-0.07626446
-0.08468078
-0.09326559
-0.10191360
-0.10943190
-0.11395110
-0.11375750
-0.10825020
-0.09802840
-0.08444270
-0.06870028
-0.05138132
-0.03250033
-0.01212027
0.00913192
0.02992467
0.04872140
0.06435570
0.07634300
0.08459367
0.08899912
0.08917855
0.08480765
0.07613861
0.06443874
0.05179571
0.04038346
0.03154501
0.02541035
0.02118124
0.01793921
0.01528906
0.01356996
0.01342389
0.01518401
0.01839275
0.02190532
0.02432869
0.02459141
0.02220449
0.01731016
0.01048626
0.00256677
-0.00558580
-0.01318687
-0.01971098
-0.02498782
-0.02928221
-0.03308318
-0.03681555
-0.04051856
-0.04382563
-0.04611206
-0.04683759
-0.04578102
-0.04316093
-0.03944134
-0.03510459
-0.03044245
-0.02561611
-0.02074188
-0.01606034
-0.01196733
-0.00901906
-0.00774446
-0.00851239
-0.01139612
-0.01622804
-0.02262791
-0.03012613
-0.03820275
-0.04636502
-0.05406643
-0.06069772
-0.06558185
-0.06817603
-0.06821839
-0.06587174
-0.06161855
-0.05607833
-0.04965369
-0.04237944
-0.03396775
-0.02418227
-0.01312474
-0.00139047
0.01013737
0.02055898
0.02927782
0.03601363
0.04066155
0.04298694
0.04259924
0.03908721
0.03233348
0.02263114
0.01066724
-0.00271505
-0.01670900
-0.03067296
-0.04400289
-0.05603506
-0.06603335
-0.07341537
-0.07791919
-0.07965354
-0.07885726
-0.07565082
-0.06982199
-0.06098111
-0.04892794
-0.03413330
-0.01784514
-0.00183082
0.01221581
0.02316116
0.03071430
0.03526329
0.03749576
0.03790664
0.03657025
0.03313477
0.02709098
0.01804963
0.00608384
-0.00813173
-0.02335292
-0.03811660
-0.05112206
-0.06161610
-0.06947764
-0.07509207
-0.07892793
-0.08117952
-0.08158966
-0.07965315
-0.07488297
-0.06710700
-0.05651556
-0.04363756
-0.02916806
-0.01391542
0.00122243
0.01522243
0.02712070
0.03625043
0.04250402
0.04627574
0.04823642
0.04890225
0.04839476
0.04641372
0.04259255
0.03686709
0.02968903
0.02179609
0.01387348
0.00623010
-0.00115606
-0.00836544
-0.01510076
-0.02055396
-0.02362757
-0.02354018
-0.02026639
-0.01464345
-0.00794055
-0.00128321
0.00485317
0.01063314
0.01645708
0.02233713
0.02762872
0.03119446
0.03196018
0.02936518
0.02357748
0.01526333
0.00524825
-0.00576217
-0.01708891
-0.02788077
-0.03700803
-0.04336187
-0.04627642
-0.04589119
-0.04305183
-0.03890282
-0.03427547
-0.02942463
-0.02420144
-0.01861214
-0.01315845
-0.00877893
-0.00628382
-0.00580853
-0.00657735
-0.00733678
-0.00713089
-0.00605727
-0.00534351
-0.00678210
-0.01172873
-0.02036112
-0.03143972
-0.04281093
-0.05224416
-0.05828391
-0.06055797
-0.05959954
-0.05627062
-0.05128626
-0.04495465
-0.03735598
-0.02869310
-0.01966133
-0.01138928
-0.00510075
-0.00157131
-0.00087906
-0.00247045
-0.00563441
-0.00995705
-0.01555134
-0.02273646
-0.03151685
-0.04117345
-0.05043939
-0.05804707
-0.06341060
-0.06686748
-0.06938929
-0.07181518
-0.07423810
-0.07587950
-0.07563214
-0.07270111
-0.06701921
-0.05905004
-0.04933003
-0.03799905
-0.02484057
-0.00969020
0.00698877
0.02400065
0.03975934
0.05297534
0.06305875
0.07014168
0.07459783
0.07654797
0.07560942
0.07119392
0.06302362
0.05156467
0.03794452
0.02354802
0.00945431
-0.00383060
-0.01630205
-0.02799582
-0.03860621
-0.04737030
-0.05342647
-0.05624717
-0.05595084
-0.05316142
-0.04860251
-0.04256139
-0.03473750
-0.02451111
-0.01160562
0.00343608
0.01919169
0.03388787
0.04607963
0.05521116
0.06157472
0.06583168
0.06832330
0.06878829
0.06655935
0.06116433
0.05277262
0.04233480
0.03121453
0.02070820
0.01162383
0.00429961
-0.00120173
-0.00483895
-0.00659184
-0.00650414
-0.00474551
-0.00146615
0.00334965
0.01001093
0.01892377
0.03023741
0.04343169
0.05730778
0.07031346
0.08113242
0.08905655
0.09409638
0.09668904
0.09731622
0.09617471
0.09317107
0.08805154
0.08062634
0.07085467
0.05894281
0.04539407
0.03107900
0.01712728
0.00474337
-0.00513035
-0.01204676
-0.01614440
-0.01788084
-0.01771084
-0.01583336
-0.01229127
-0.00719507
-0.00098063
0.00562505
0.01180404
0.01701603
0.02114980
0.02445539
0.02721528
0.02954179
0.03133670
0.03250436
0.03310588
0.03345251
0.03396429
0.03499733
0.03667087
0.03893834
0.04170228
0.04495460
0.04872732
0.05302740
0.05773447
0.06262201
0.06737190
0.07167420
0.07524296
0.07782115
0.07912359
0.07889493
0.07694665
0.07321115
0.06768068
0.06041614
0.05156859
0.04152721
0.03095074
0.02075645
0.01187209
0.00494127
0.00007996
-0.00303423
-0.00486750
-0.00565439
-0.00531220
-0.00357999
-0.00038276
0.00394167
0.00862369
0.01279609
0.01583146
0.01753554
0.01796280
0.01716590
0.01499216
0.01118623
0.00564070
-0.00129338
-0.00876588
-0.01565296
-0.02102450
-0.02444293
-0.02604563
-0.02629179
-0.02566173
-0.02433719
-0.02213329
-0.01857680
-0.01320479
-0.00578110
0.00350201
0.01401921
0.02477181
0.03465045
0.04269605
0.04834360
0.05143821
0.05214497
0.05073122
0.04740991
0.04224764
0.03531160
0.02682715
0.01733852
0.00761710
-0.00150276
-0.00939249
-0.01576669
-0.02071691
-0.02449544
-0.02728735
-0.02902881
-0.02948087
-0.02839088
-0.02573295
-0.02179607
-0.01717566
-0.01253500
-0.00842576
-0.00516712
-0.00295537
-0.00197116
-0.00247990
-0.00476181
-0.00901168
-0.01515897
-0.02282535
-0.03136410
-0.04005463
-0.04822530
-0.05535529
-0.06109932
-0.06532541
-0.06804850
-0.06934927
-0.06922282
-0.06753398
-0.06401226
-0.05845870
-0.05096703
-0.04213314
-0.03293204
-0.02441220
-0.01726725
-0.01168602
-0.00744217
-0.00427146
-0.00218531
-0.00160013
-0.00307952
-0.00698650
-0.01322318
-0.02132410
-0.03068900
-0.04082487
-0.05135157
-0.06187609
-0.07178185
-0.08026240
-0.08654176
-0.09024265
-0.09151001
-0.09086572
-0.08881486
-0.08555022
-0.08085491
-0.07435479
-0.06585186
-0.05562679
-0.04438548
-0.03302513
-0.02228459
-0.01261739
-0.00419450
0.00289960
0.00853323
0.01243524
0.01433338
0.01410778
0.01194324
0.00827107
0.00366278
-0.00137519
-0.00649540
-0.01155132
-0.01645064
-0.02102967
-0.02497324
-0.02794682
-0.02973417
-0.03039136
-0.03021408
-0.02961461
-0.02888352
-0.02807698
-0.02702963
-0.02557846
-0.02371316
-0.02164182
-0.01966107
-0.01800491
-0.01668317
-0.01548599
-0.01407859
-0.01219496
-0.00971178
-0.00667991
-0.00324859
0.00035415
0.00391047
0.00724775
0.01030372
0.01308193
0.01561856
0.01787049
0.01967365
0.02073424
0.02081060
0.01987714
0.01822152
0.01628947
0.01446457
0.01283036
0.01116650
0.00909358
0.00637463
0.00307844
-0.00044416
-0.00382456
-0.00686869
-0.00961703
-0.01216781
-0.01450795
-0.01639824
-0.01751435
-0.01767268
-0.01706399
-0.01619215
-0.01564362
-0.01574272
-0.01642330
-0.01726808
-0.01778645
-0.01765810
-0.01691270
-0.01583891
-0.01483137
-0.01421138
-0.01422385
-0.01505740
-0.01691807
-0.01999461
-0.02441241
-0.03007880
-0.03663456
-0.04343711
-0.04972873
-0.05475969
-0.05793527
-0.05886680
-0.05741060
-0.05360649
-0.04765821
-0.03987657
-0.03070920
-0.02069289
-0.01042594
-0.00048039
0.00862430
0.01650264
0.02291204
0.02777732
0.03110226
0.03295147
0.03338272
0.03246459
0.03028261
0.02704710
0.02315557
0.01920587
0.01582024
0.01345671
0.01220082
0.01178242
0.01171486
0.01164738
0.01158899
0.01196111
0.01329603
0.01589382
0.01955026
0.02361588
0.02725704
0.02987439
0.03130625
0.03179858
0.03168515
0.03112804
0.03000484
0.02807068
0.02519002
0.02155765
0.01767738
0.01419282
0.01159164
0.01005599
0.00943271
0.00936954
0.00942557
0.00921251
0.00844294
0.00697632
0.00478404
0.00196831
-0.00127660
-0.00468944
-0.00804491
-0.01118567
-0.01406125
-0.01670121
-0.01920551
-0.02166194
-0.02409382
-0.02638903
-0.02836194
-0.02978621
-0.03049742
-0.03041489
-0.02956043
-0.02795618
-0.02556153
-0.02225591
-0.01796919
-0.01277454
-0.00695749
-0.00093536
0.00485012
0.01008484
0.01458992
0.01825774
0.02091359
0.02232423
0.02229651
0.02086529
0.01832530
0.01517031
0.01186942
0.00872722
0.00583266
0.00323547
0.00112491
-0.00008452
0.00007695
0.00191623
0.00538086
0.01008759
0.01546160
0.02097573
0.02624385
0.03100898
0.03499493
0.03789874
0.03944589
0.03954769
0.03832660
0.03607127
0.03306519
0.02949797
0.02543722
0.02098676
0.01640170
0.01211846
0.00858246
0.00608231
0.00463055
0.00403013
0.00399535
0.00433045
0.00497925
0.00600395
0.00745811
0.00934474
0.01158678
0.01405904
0.01656698
0.01887816
0.02074860
0.02201834
0.02264646
0.02273820
0.02246061
0.02194011
0.02115355
0.01998140
0.01833394
0.01630495
0.01416787
0.01227966
0.01088919
0.01004804
0.00960557
0.00940238
0.00943528
0.00994008
0.01125809
0.01366613
0.01719102
0.02158801
0.02637567
0.03100838
0.03498721
0.03795729
0.03969525
0.04011848
0.03926259
0.03728051
0.03438564
0.03084203
0.02694246
0.02301526
0.01935741
0.01619426
0.01361042
0.01157623
0.00999793
0.00887731
0.00838303
0.00881472
0.01038073
0.01301518
0.01631264
0.01969674
0.02265258
0.02494230
0.02656195
0.02756337
0.02781523
0.02703381
0.02500498
0.02188448
0.01822873
0.01473498
0.01176469
0.00904896
0.00577778
0.00113257
-0.00513007
-0.01241629
-0.01962268
-0.02577158
-0.03057795
-0.03450625
-0.03835488
-0.04257815
-0.04690418
-0.05043143
-0.05220955
-0.05178861
-0.04947144
-0.04606078
-0.04241045
-0.03897031
-0.03569023
-0.03217952
-0.02806919
-0.02323254
-0.01784923
-0.01227813
-0.00692866
-0.00210684
0.00203100
0.00549123
0.00834178
0.01062096
0.01221612
0.01285862
0.01219044
0.00999632
0.00638818
0.00186766
-0.00287812
-0.00725061
-0.01097468
-0.01408597
-0.01674832
-0.01898356
-0.02058821
-0.02126658
-0.02094547
-0.01995218
-0.01894458
-0.01857857
-0.01918462
-0.02059142
-0.02228682
-0.02374658
-0.02479021
-0.02566351
-0.02687643
-0.02888801
-0.03187371
-0.03562965
-0.03967925
-0.04345640
-0.04651053
-0.04858955
-0.04965467
-0.04979766
-0.04917777
-0.04789492
-0.04592459
-0.04307683
-0.03909306
-0.03373723
-0.02692908
-0.01877936
-0.00960736
0.00015801
0.01003917
0.01956074
0.02821010
0.03546334
0.04081817
0.04392403
0.04466136
0.04322726
0.04008961
0.03587987
0.03119590
0.02648539
0.02197583
0.01772936
0.01371347
0.00993465
0.00649418
0.00361910
0.00158388
0.00065766
0.00102765
0.00277014
0.00579145
0.00983277
0.01447447
0.01921834
0.02356848
0.02717108
0.02986577
0.03166498
0.03258388
0.03252379
0.03120688
0.02831487
0.02366770
0.01742311
0.01010818
0.00248378
-0.00471542
-0.01095810
-0.01597873
-0.01968461
-0.02206246
-0.02310314
-0.02281674
-0.02125227
-0.01851074
-0.01467373
-0.00977552
-0.00383387
0.00298019
0.01022469
0.01717883
0.02304269
0.02722349
0.02958270
0.03045977
0.03047900
0.03020550
0.02992495
0.02959945
0.02904856
0.02813149
0.02690341
0.02559260
0.02449174
0.02379596
0.02353466
0.02356514
0.02364248
0.02346896
0.02279155
0.02147156
0.01954151
0.01715969
0.01453200
0.01179013
0.00892658
0.00580191
0.00228762
-0.00160063
-0.00563505
-0.00948668
-0.01287872
-0.01571953
-0.01807390
-0.02004771
-0.02159835
-0.02250325
-0.02244838
-0.02127352
-0.01911137
-0.01637286
-0.01353438
-0.01091822
-0.00855084
-0.00624651
-0.00382528
-0.00134706
0.00085586
0.00232430
0.00273950
0.00207831
0.00062148
-0.00123584
-0.00319428
-0.00519921
-0.00738248
-0.00991015
-0.01280852
-0.01592373
-0.01896460
-0.02161067
-0.02358348
-0.02469037
-0.02478747
-0.02375448
-0.02148715
-0.01794699
-0.01316845
-0.00727784
-0.00047811
0.00692668
0.01454111
0.02188284
0.02845976
0.03384316
0.03778254
0.04024167
0.04135836
0.04130527
0.04019342
0.03802894
0.03478413
0.03047868
0.02526741
0.01942683
0.01330256
0.00720268
0.00137064
-0.00401557
-0.00879715
-0.01283974
-0.01602853
-0.01829718
-0.01962947
-0.02007336
-0.01971354
-0.01866724
-0.01705888
-0.01502214
-0.01265594
-0.01001271
-0.00709584
-0.00393432
-0.00061970
0.00267755
0.00577766
0.00855385
0.01099172
0.01314175
0.01503366
0.01656865
0.01754979
0.01777919
0.01721396
0.01599393
0.01436996
0.01254303
0.01055995
0.00832074
0.00574172
0.00291326
0.00015397
-0.00213307
-0.00365951
-0.00440975
-0.00461495
-0.00460611
-0.00459844
-0.00459185
-0.00440516
-0.00384147
-0.00281071
-0.00138643
0.00024998
0.00186381
0.00324181
0.00422306
0.00474405
0.00485525
0.00474908
0.00470653
0.00499724
0.00573460
0.00682959
0.00804581
0.00915468
0.01004850
0.01078521
0.01150119
0.01229970
0.01315746
0.01394785
0.01450781
0.01469435
0.01434447
0.01322236
0.01098755
0.00726906
0.00178672
-0.00549975
-0.01434237
-0.02425087
-0.03462016
-0.04482562
-0.05426787
-0.06238429
-0.06868707
-0.07281554
-0.07460487
-0.07408716
-0.07145177
-0.06693614
-0.06076944
-0.05318819
-0.04454297
-0.03535168
-0.02629228
-0.01805778
-0.01120869
-0.00603443
-0.00253897
-0.00050649
0.00036836
0.00040928
-0.00008127
-0.00081355
-0.00154347
-0.00210344
-0.00245986
-0.00271781
-0.00309024
-0.00378282
-0.00488251
-0.00628023
-0.00770688
-0.00882187
-0.00935428
-0.00919477
-0.00843584
-0.00729579
-0.00601547
-0.00475597
-0.00359359
-0.00255904
-0.00172155
-0.00123378
-0.00134272
-0.00231172
-0.00433030
-0.00741641
-0.01139082
-0.01587899
-0.02039667
-0.02446453
-0.02776233
-0.03019112
-0.03184063
-0.03282913
-0.03314042
-0.03252969
-0.03062049
-0.02712499
-0.02209255
-0.01597266
-0.00946745
-0.00322450
0.00239603
0.00739010
0.01194912
0.01623309
0.02018951
0.02357287
0.02603099
0.02721932
0.02681023
0.02449700
0.02005693
0.01351341
0.00529820
-0.00371960
-0.01243569
-0.01986658
-0.02547774
-0.02924486
-0.03145642
-0.03237455
-0.03204732
-0.03033188
-0.02711702
-0.02251490
-0.01689387
-0.01071892
-0.00436937
0.00192379
0.00794907
0.01337005
0.01768861
0.02042012
0.02132782
0.02058935
0.01870635
0.01623374
0.01346642
0.01032575
0.00648539
0.00165060
-0.00421955
-0.01084779
-0.01777368
-0.02454656
-0.03087677
-0.03662772
-0.04171359
-0.04597634
-0.04915996
-0.05094018
-0.05101593
-0.04915145
-0.04519416
-0.03904681
-0.03068416
-0.02023025
-0.00810234
0.00491357
0.01771835
0.02914545
0.03827329
0.04470960
0.04863452
0.05061944
0.05126610
0.05090926
0.04950473
0.04676795
0.04243096
0.03647516
0.02920563
0.02115669
0.01289160
0.00484068
-0.00276404
-0.00985082
-0.01642279
-0.02244917
-0.02780430
-0.03226084
-0.03556987
-0.03757138
-0.03830084
-0.03798165
-0.03690677
-0.03522902
-0.03281286
-0.02926741
-0.02419518
-0.01750615
-0.00960441
-0.00130210
0.00649083
0.01313329
0.01843102
0.02255794
0.02578102
0.02822395
0.02979773
0.03031273
0.02962826
0.02771880
0.02463323
0.02042564
0.01515321
0.00899102
0.00234021
-0.00418946
-0.00997717
-0.01463748
-0.01815867
-0.02079652
-0.02280406
-0.02414351
-0.02441606
-0.02304221
-0.01959282
-0.01404006
-0.00678851
0.00151975
0.01026093
0.01899627
0.02745396
0.03539969
0.04249978
0.04832405
0.05246415
0.05469896
0.05506208
0.05380863
0.05127187
0.04773439
0.04335960
0.03823201
0.03244047
0.02615715
0.01965764
0.01329989
0.00748263
0.00260141
-0.00100536
-0.00311029
-0.00366174
-0.00281244
-0.00089520
0.00168935
0.00460313
0.00766333
0.01082173
0.01407341
0.01734240
0.02045231
0.02316850
0.02531462
0.02683027
0.02774609
0.02807854
0.02775207
0.02662389
0.02462561
0.02190424
0.01885539
0.01599319
0.01372456
0.01215983
0.01112134
0.01031854
0.00957741
0.00893566
0.00854564
0.00845767
0.00847161
0.00818607
0.00724838
0.00561061
0.00359884
0.00170870
0.00027522
-0.00075483
-0.00176117
-0.00314047
-0.00495428
-0.00681046
-0.00806705
-0.00823507
-0.00728145
-0.00563324
-0.00387995
-0.00240830
-0.00121582
-0.00002737
0.00140919
0.00307530
0.00467543
0.00584411
0.00639677
0.00641997
0.00616365
0.00583913
0.00550489
0.00511316
0.00466439
0.00430955
0.00430961
0.00487500
0.00603106
0.00761176
0.00938309
0.01117350
0.01290642
0.01450879
0.01578674
0.01640176
0.01599679
0.01438110
0.01164845
0.00812282
0.00417892
0.00005441
-0.00420950
-0.00868090
-0.01337459
-0.01814313
-0.02269961
-0.02673478
-0.03004898
-0.03260110
-0.03446576
-0.03574087
-0.03647139
-0.03661944
-0.03609120
-0.03477148
-0.03256243
-0.02940571
-0.02530830
-0.02037475
-0.01481374
-0.00892605
-0.00305819
0.00246121
0.00738132
0.01155495
0.01492502
0.01747391
0.01916510
0.01991779
0.01963727
0.01828471
0.01594587
0.01284707
0.00930306
0.00561479
0.00199840
-0.00140877
-0.00447457
-0.00700800
-0.00877109
-0.00958098
-0.00943008
-0.00852290
-0.00717156
-0.00561708
-0.00390496
-0.00192272
0.00042286
0.00302251
0.00553318
0.00753617
0.00878443
0.00934341
0.00951388
0.00958152
0.00958616
0.00928438
0.00834438
0.00661695
0.00427874
0.00173768
-0.00061352
-0.00260459
-0.00429389
-0.00579010
-0.00705335
-0.00785366
-0.00791681
-0.00712716
-0.00560276
-0.00357425
-0.00116662
0.00171822
0.00530242
0.00968430
0.01464997
0.01971112
0.02435520
0.02831886
0.03164118
0.03446449
0.03674097
0.03809963
0.03802720
0.03623406
0.03292410
0.02872479
0.02429593
0.01991503
0.01533614
0.01007653
0.00390390
-0.00282811
-0.00926131
-0.01447776
-0.01798578
-0.01989942
-0.02069307
-0.02074930
-0.02004664
-0.01822506
-0.01493972
-0.01023213
-0.00460974
0.00120468
0.00664688
0.01151671
0.01587009
0.01971747
0.02278976
0.02459004
0.02467589
0.02297554
0.01988064
0.01606581
0.01216931
0.00857080
0.00539194
0.00266382
0.00048373
-0.00096862
-0.00155187
-0.00127977
-0.00031906
0.00114352
0.00303770
0.00542209
0.00833323
0.01159729
0.01476634
0.01726022
0.01863820
0.01879632
0.01795682
0.01644315
0.01439903
0.01167465
0.00794388
0.00298926
-0.00306669
-0.00975031
-0.01645525
-0.02272419
-0.02840587
-0.03356100
-0.03822544
-0.04219432
-0.04501071
-0.04617158
-0.04540161
-0.04280386
-0.03880671
-0.03393942
-0.02861503
-0.02305920
-0.01739316
-0.01178735
-0.00654607
-0.00204957
0.00138623
0.00362582
0.00471745
0.00480085
0.00399894
0.00239086
0.00008170
-0.00269217
-0.00553212
-0.00795848
-0.00956730
-0.01014268
-0.00965856
-0.00815104
-0.00557100
-0.00172840
0.00359538
0.01042315
0.01839032
0.02672873
0.03446753
0.04077212
0.04521933
0.04786521
0.04904346
0.04903231
0.04779394
0.04498601
0.04021550
0.03340714
0.02502369
0.01598046
0.00730467
-0.00026398
-0.00647619
-0.01147922
-0.01552471
-0.01869187
-0.02081565
-0.02165010
-0.02112500
-0.01948798
-0.01723487
-0.01486856
-0.01269703
-0.01079170
-0.00912158
-0.00773102
-0.00681603
-0.00664128
-0.00738731
-0.00904898
-0.01147827
-0.01450257
-0.01801553
-0.02193946
-0.02611753
-0.03024348
-0.03391553
-0.03678994
-0.03871074
-0.03971253
-0.03988091
-0.03919463
-0.03749857
-0.03463870
-0.03063921
-0.02578012
-0.02049551
-0.01517940
-0.01005536
-0.00521533
-0.00078941
0.00293543
0.00556925
0.00683832
0.00677899
0.00574807
0.00421645
0.00252364
0.00077398
-0.00103140
-0.00277499
-0.00411788
-0.00465025
-0.00417143
-0.00286463
-0.00116836
0.00055996
0.00233249
0.00449785
0.00739200
0.01091482
0.01440319
0.01693591
0.01788959
0.01732664
0.01592411
0.01447766
0.01334136
0.01219282
0.01030275
0.00707219
0.00247097
-0.00294855
-0.00840506
-0.01332877
-0.01753938
-0.02110540
-0.02401961
-0.02601276
-0.02661880
-0.02547351
-0.02255134
-0.01818565
-0.01283793
-0.00684183
-0.00030767
0.00673815
0.01412252
0.02138807
0.02787725
0.03299053
0.03642686
0.03824769
0.03873934
0.03819875
0.03680033
0.03461766
0.03174936
0.02843221
0.02504983
0.02202244
0.01967741
0.01818509
0.01760773
0.01797084
0.01929983
0.02156726
0.02462008
0.02814732
0.03176828
0.03515677
0.03815048
0.04070072
0.04271835
0.04392374
0.04385750
0.04208369
0.03849237
0.03347691
0.02787006
0.02258845
0.01823614
0.01487919
0.01215788
0.00961964
0.00704926
0.00457202
0.00249989
0.00103834
0.00011260
-0.00058972
-0.00138721
-0.00241637
-0.00360632
-0.00484037
-0.00611994
-0.00761034
-0.00949496
-0.01178306
-0.01423002
-0.01647002
-0.01823973
-0.01954538
-0.02059394
-0.02158452
-0.02248113
-0.02297885
-0.02265045
-0.02122355
-0.01874096
-0.01553615
-0.01202336
-0.00849064
-0.00501100
-0.00153780
0.00195060
0.00534567
0.00844286
0.01105281
0.01311932
0.01471160
0.01594886
0.01689439
0.01754721
0.01789099
0.01797875
0.01793084
0.01787477
0.01782587
0.01764435
0.01708637
0.01595424
0.01420189
0.01194977
0.00938038
0.00662992
0.00372840
0.00066102
-0.00253562
-0.00569629
-0.00858206
-0.01100346
-0.01294255
-0.01454296
-0.01599758
-0.01737054
-0.01850480
-0.01905363
-0.01865490
-0.01711580
-0.01452910
-0.01120703
-0.00755046
-0.00387939
-0.00036387
0.00296441
0.00610626
0.00900776
0.01152270
0.01346686
0.01467664
0.01505308
0.01454408
0.01312838
0.01079157
0.00757412
0.00361494
-0.00080649
-0.00534011
-0.00967929
-0.01367220
-0.01730748
-0.02061948
-0.02354180
-0.02586644
-0.02731594
-0.02772303
-0.02714886
-0.02586569
-0.02416342
-0.02218058
-0.01982549
-0.01689300
-0.01320684
-0.00873375
-0.00354081
0.00229118
0.00870700
0.01556219
0.02248181
0.02883547
0.03396915
0.03753320
0.03969260
0.04099209
0.04194588
0.04258046
0.04232149
0.04031118
0.03600695
0.02958012
0.02188837
0.01397913
0.00655166
-0.00029717
-0.00684404
-0.01327533
-0.01933008
-0.02437007
-0.02776469
-0.02928965
-0.02920612
-0.02801588
-0.02608002
-0.02343522
-0.01988063
-0.01526214
-0.00966344
-0.00337258
0.00333516
0.01034280
0.01765002
0.02515932
0.03251557
0.03911621
0.04433563
0.04776391
0.04930934
0.04906982
0.04715036
0.04354476
0.03822770
0.03129288
0.02305344
0.01395081
0.00443271
-0.00516225
-0.01453465
-0.02330271
-0.03092619
-0.03684959
-0.04075116
-0.04274941
-0.04333395
-0.04306585
-0.04219997
-0.04051196
-0.03743373
-0.03246041
-0.02553575
-0.01719820
-0.00836704
0.00003548
0.00743261
0.01367930
0.01892008
0.02330218
0.02681103
0.02927237
0.03053825
0.03063628
0.02979690
0.02831594
0.02641778
0.02417093
0.02159139
0.01879130
0.01609241
0.01393608
0.01267435
0.01235300
0.01268757
0.01321696
0.01357602
0.01366882
0.01366580
0.01379739
0.01414527
0.01455531
0.01478386
0.01470436
0.01444839
0.01433610
0.01466356
0.01544690
0.01635375
0.01684230
0.01647317
0.01512374
0.01303488
0.01061335
0.00818441
0.00582358
0.00341608
0.00085500
-0.00174592
-0.00406793
-0.00579992
-0.00693552
-0.00786091
-0.00917010
-0.01124094
-0.01390727
-0.01644602
-0.01800978
-0.01820052
-0.01740799
-0.01659704
-0.01670115
-0.01799853
-0.01995186
-0.02161646
-0.02238974
-0.02249272
-0.02284252
-0.02433575
-0.02709691
-0.03022421
-0.03226324
-0.03206743
-0.02950735
-0.02551103
-0.02148298
-0.01848110
-0.01674706
-0.01580968
-0.01501198
-0.01398585
-0.01282818
-0.01189177
-0.01148162
-0.01165802
-0.01230978
-0.01330932
-0.01462102
-0.01622237
-0.01801859
-0.01980867
-0.02140391
-0.02272174
-0.02382439
-0.02479130
-0.02559198
-0.02603874
-0.02592866
-0.02523099
-0.02417214
-0.02309811
-0.02225969
-0.02163447
-0.02096839
-0.01995764
-0.01848175
-0.01668962
-0.01492393
-0.01351428
-0.01265640
-0.01236973
-0.01256345
-0.01308972
-0.01379354
-0.01452078
-0.01514693
-0.01556823
-0.01571813
-0.01553658
-0.01495310
-0.01388825
-0.01233988
-0.01046007
-0.00856875
-0.00699880
-0.00591022
-0.00515638
-0.00436125
-0.00312843
-0.00131350
0.00088168
0.00302024
0.00471763
0.00583354
0.00649647
0.00692437
0.00725023
0.00742284
0.00729765
0.00678119
0.00596289
0.00506780
0.00433089
0.00385490
0.00358972
0.00336979
0.00303032
0.00247962
0.00174930
0.00094155
0.00016916
-0.00052976
-0.00120260
-0.00198154
-0.00300162
-0.00431982
-0.00582104
-0.00725268
-0.00832144
-0.00884280
-0.00878570
-0.00824029
-0.00727795
-0.00585448
-0.00378759
-0.00090653
0.00278917
0.00704060
0.01144464
0.01563086
0.01942423
0.02283209
0.02591454
0.02858707
0.03055979
0.03143809
0.03096388
0.02916177
0.02635280
0.02297246
0.01940051
0.01583156
0.01233301
0.00896292
0.00590447
0.00344342
0.00186681
0.00131170
0.00173154
0.00292434
0.00465539
0.00674347
0.00912217
0.01177219
0.01463946
0.01753628
0.02015366
0.02209483
0.02298537
0.02256214
0.02076810
0.01772863
0.01369770
0.00895055
0.00375682
-0.00164896
-0.00701632
-0.01206119
-0.01643593
-0.01980314
-0.02188603
-0.02252653
-0.02164837
-0.01925957
-0.01543976
-0.01040606
-0.00452715
0.00167293
0.00763666
0.01291419
0.01731348
0.02087340
0.02373761
0.02596234
0.02746795
0.02808733
0.02775999
0.02665330
0.02517540
0.02376888
0.02268877
0.02186259
0.02101401
0.01987989
0.01844380
0.01695764
0.01580816
0.01523498
0.01516673
0.01524734
0.01508119
0.01446727
0.01350447
0.01247525
0.01164094
0.01104221
0.01049249
0.00971892
0.00859576
0.00723867
0.00595782
0.00506951
0.00477041
0.00506808
0.00585862
0.00701071
0.00844940
0.01010631
0.01187100
0.01355704
0.01498821
0.01606436
0.01679381
0.01720696
0.01727038
0.01678803
0.01544692
0.01293977
0.00914119
0.00416335
-0.00168303
-0.00802398
-0.01448566
-0.02074581
-0.02650164
-0.03148515
-0.03547125
-0.03836498
-0.04020094
-0.04110562
-0.04113721
-0.04023254
-0.03822517
-0.03500694
-0.03064749
-0.02545768
-0.01988542
-0.01437530
-0.00920674
-0.00451803
-0.00039213
0.00301582
0.00549223
0.00682596
0.00693149
0.00588117
0.00389573
0.00122777
-0.00189681
-0.00529816
-0.00875762
-0.01200500
-0.01473647
-0.01671424
-0.01780764
-0.01802088
-0.01741190
-0.01604089
-0.01389174
-0.01093368
-0.00717884
-0.00278594
0.00195199
0.00661186
0.01072119
0.01383022
0.01564897
0.01609889
0.01534825
0.01370818
0.01152038
0.00896984
0.00603684
0.00254010
-0.00165156
-0.00648115
-0.01165354
-0.01677394
-0.02149642
-0.02566523
-0.02927697
-0.03236243
-0.03481446
-0.03640568
-0.03690545
-0.03628120
-0.03475526
-0.03275211
-0.03070494
-0.02887888
-0.02728051
-0.02574942
-0.02410413
-0.02229454
-0.02040039
-0.01860820
-0.01710979
-0.01605805
-0.01549803
-0.01537148
-0.01552444
-0.01576303
-0.01588131
-0.01575684
-0.01537941
-0.01484786
-0.01423992
-0.01353503
-0.01256297
-0.01110019
-0.00897524
-0.00621451
-0.00305996
0.00011038
0.00298917
0.00545679
0.00761595
0.00966476
0.01176059
0.01386096
0.01571131
0.01692008
0.01716698
0.01632866
0.01452641
0.01202646
0.00912058
0.00597079
0.00259580
-0.00106515
-0.00496797
-0.00888809
-0.01243061
-0.01520192
-0.01696647
-0.01776109
-0.01783044
-0.01746924
-0.01679093
-0.01568723
-0.01390936
-0.01129500
-0.00790482
-0.00406575
-0.00023097
0.00319905
0.00605418
0.00837216
0.01028768
0.01186166
0.01303983
0.01366532
0.01359501
0.01276371
0.01125212
0.00921995
0.00686229
0.00435203
0.00187778
-0.00037016
-0.00219985
-0.00347999
-0.00413895
-0.00419215
-0.00368975
-0.00268680
-0.00117962
0.00084454
0.00335942
0.00622010
0.00918734
0.01193870
0.01413994
0.01548031
0.01574869
0.01483590
0.01275829
0.00964948
0.00578144
0.00149778
-0.00283263
-0.00688823
-0.01036167
-0.01295963
-0.01437128
-0.01433036
-0.01267694
-0.00949478
-0.00514691
-0.00023447
0.00461757
0.00892547
0.01246545
0.01521748
0.01727185
0.01866530
0.01934575
0.01918979
0.01814848
0.01627083
0.01370156
0.01058243
0.00703773
0.00317128
-0.00084943
-0.00476630
-0.00822075
-0.01089427
-0.01261799
-0.01344414
-0.01352774
-0.01301463
-0.01191809
-0.01016740
-0.00768660
-0.00457197
-0.00113717
0.00213634
0.00480330
0.00657760
0.00739542
0.00732849
0.00652318
0.00511415
0.00325211
0.00113009
-0.00095767
-0.00269691
-0.00384631
-0.00434236
-0.00425204
-0.00370411
-0.00275750
-0.00137583
0.00056095
0.00310658
0.00615182
0.00938113
0.01240978
0.01490588
0.01672460
0.01788341
0.01851591
0.01871292
0.01845905
0.01763094
0.01614390
0.01405000
0.01158987
0.00910650
0.00694927
0.00532345
0.00426314
0.00366484
0.00343960
0.00356830
0.00411213
0.00510505
0.00650039
0.00810983
0.00967725
0.01097059
0.01192132
0.01261708
0.01322713
0.01385345
0.01449002
0.01500317
0.01522975
0.01506052
0.01453534
0.01379190
0.01300968
0.01231308
0.01178277
0.01144015
0.01126174
0.01114656
0.01094776
0.01046853
0.00955665
0.00817192
0.00647769
0.00475119
0.00324854
0.00202254
0.00091717
-0.00036159
-0.00203985
-0.00414313
-0.00642924
-0.00854079
-0.01016962
-0.01121048
-0.01172038
-0.01185499
-0.01174678
-0.01147027
-0.01099795
-0.01026186
-0.00916968
-0.00766469
-0.00572956
-0.00347262
-0.00114184
0.00089565
0.00233460
0.00306453
0.00326973
0.00333806
0.00370994
0.00462868
0.00603646
0.00759591
0.00891874
0.00973954
0.01004025
0.00998943
0.00985264
0.00981562
0.00991499
0.01002041
0.00995769
0.00957203
0.00879950
0.00763861
0.00615393
0.00439993
0.00241849
0.00022999
-0.00207933
-0.00436295
-0.00641873
-0.00807833
-0.00922611
-0.00985329
-0.01000976
-0.00977843
-0.00919522
-0.00829193
-0.00712139
-0.00580507
-0.00445463
-0.00313884
-0.00183935
-0.00052261
0.00081592
0.00206778
0.00307327
0.00371952
0.00409385
0.00443240
0.00496328
0.00566961
0.00625849
0.00627837
0.00542672
0.00375352
0.00170366
-0.00016879
-0.00151639
-0.00240442
-0.00316759
-0.00415558
-0.00546375
-0.00692063
-0.00821554
-0.00915971
-0.00977447
-0.01023685
-0.01065772
-0.01100750
-0.01114304
-0.01098181
-0.01054207
-0.00994023
-0.00923512
-0.00837044
-0.00716708
-0.00550151
-0.00342094
-0.00117470
0.00096074
0.00280421
0.00434030
0.00561992
0.00669418
0.00753988
0.00813178
0.00849430
0.00875286
0.00899638
0.00916131
0.00897587
0.00814970
0.00656934
0.00445704
0.00227703
0.00054436
-0.00046119
-0.00077400
-0.00066152
-0.00036087
0.00003941
0.00059842
0.00135147
0.00223202
0.00304073
0.00358538
0.00379038
0.00378149
0.00375404
0.00383203
0.00394555
0.00392199
0.00359315
0.00293844
0.00208132
0.00125810
0.00066581
0.00040354
0.00044831
0.00076120
0.00129974
0.00203120
0.00286157
0.00366105
0.00426135
0.00454635
0.00449077
0.00421916
0.00391318
0.00373316
0.00371456
0.00381010
0.00390721
0.00390964
0.00374183
0.00338924
0.00283233
0.00204105
0.00095730
-0.00041328
-0.00199494
-0.00362334
-0.00512551
-0.00634104
-0.00721074
-0.00776634
-0.00811478
-0.00831411
-0.00835289
-0.00813285
-0.00755514
-0.00654180
-0.00511229
-0.00335748
-0.00142161
0.00060126
0.00265827
0.00473499
0.00678286
0.00873853
0.01048931
0.01191337
0.01287839
0.01331410
0.01318573
0.01251882
0.01137041
0.00988485
0.00823126
0.00657472
0.00498746
0.00346769
0.00192574
0.00026437
-0.00158296
-0.00356123
-0.00553804
-0.00733781
-0.00883447
-0.00993678
-0.01062440
-0.01091295
-0.01086493
-0.01053025
-0.00997073
-0.00924509
-0.00844211
-0.00762773
-0.00687202
-0.00621790
-0.00569728
-0.00527621
-0.00490841
-0.00456352
-0.00430811
-0.00426749
-0.00461530
-0.00546643
-0.00682575
-0.00851094
-0.01024448
-0.01174407
-0.01285268
-0.01351558
-0.01377867
-0.01370719
-0.01338885
-0.01288183
-0.01226976
-0.01164135
-0.01107306
-0.01053543
-0.00991382
-0.00903461
-0.00778234
-0.00610458
-0.00404898
-0.00170567
0.00079766
0.00334823
0.00578834
0.00792636
0.00955723
0.01060646
0.01115849
0.01143403
0.01162388
0.01178617
0.01176389
0.01129790
0.01018010
0.00845976
0.00641164
0.00439613
0.00261453
0.00104640
-0.00052753
-0.00231989
-0.00439081
-0.00654554
-0.00847531
-0.00991983
-0.01082443
-0.01127722
-0.01141788
-0.01129325
-0.01085147
-0.00995651
-0.00854749
-0.00670275
-0.00465631
-0.00264417
-0.00082723
0.00077838
0.00223532
0.00365128
0.00506016
0.00639973
0.00749821
0.00818814
0.00834212
0.00793966
0.00704148
0.00580998
0.00441721
0.00300646
0.00163070
0.00032404
-0.00088059
-0.00187578
-0.00249621
-0.00250878
-0.00174205
-0.00016675
0.00202469
0.00451522
0.00694610
0.00906742
0.01077829
0.01215642
0.01331430
0.01429974
0.01499137
0.01519449
0.01472238
0.01353118
0.01174222
0.00963640
0.00749748
0.00551037
0.00368295
0.00195502
0.00027712
-0.00127209
-0.00250600
-0.00315491
-0.00302926
-0.00210070
-0.00054728
0.00138407
0.00346668
0.00560153
0.00777883
0.01004170
0.01233902
0.01448829
0.01619691
0.01724766
0.01759159
0.01740508
0.01694419
0.01643128
0.01587862
0.01510665
0.01383983
0.01195095
0.00953439
0.00687969
0.00427406
0.00189600
-0.00026406
-0.00228434
-0.00419004
-0.00581156
-0.00687994
-0.00717232
-0.00669671
-0.00565686
-0.00436963
-0.00307620
-0.00188511
-0.00075674
0.00033291
0.00130710
0.00195225
0.00206788
0.00153433
0.00036490
-0.00137741
-0.00359339
-0.00620744
-0.00911043
-0.01215126
-0.01509280
-0.01773354
-0.01997537
-0.02188057
-0.02352976
-0.02493221
-0.02594696
-0.02638647
-0.02610789
-0.02516740
-0.02379337
-0.02228054
-0.02078308
-0.01929583
-0.01772696
-0.01609688
-0.01457695
-0.01347734
-0.01306002
-0.01343106
-0.01444379
-0.01584311
-0.01738829
-0.01898241
-0.02058472
-0.02214728
-0.02352215
-0.02450934
-0.02487341
-0.02446634
-0.02322390
-0.02116846
-0.01831036
-0.01468315
-0.01037458
-0.00561016
-0.00070780
0.00395122
0.00803460
0.01130432
0.01370348
0.01529389
0.01620796
0.01653042
0.01628066
0.01534653
0.01354639
0.01071703
0.00691089
0.00244658
-0.00213520
-0.00630097
-0.00968597
-0.01223315
-0.01409146
-0.01543774
-0.01624754
-0.01631479
-0.01540588
-0.01351262
-0.01089829
-0.00802708
-0.00531238
-0.00296896
-0.00094272
0.00089315
0.00256984
0.00391865
0.00472938
0.00488896
0.00450304
0.00380090
0.00302576
0.00225559
0.00141576
0.00036459
-0.00089726
-0.00220156
-0.00325622
-0.00381412
-0.00371954
-0.00297055
-0.00166388
0.00000846
0.00183488
0.00356199
0.00496378
0.00589100
0.00640367
0.00672705
0.00716008
0.00787144
0.00884149
0.00983693
0.01056915
0.01083346
0.01066531
0.01027176
0.00991951
0.00975150
0.00977183
0.00984052
0.00979415
0.00951430
0.00904147
0.00852103
0.00815060
0.00804964
0.00824186
0.00859014
0.00885206
0.00873225
0.00804925
0.00677513
0.00506191
0.00313492
0.00124421
-0.00046312
-0.00194835
-0.00327731
-0.00448220
-0.00553884
-0.00633696
-0.00676565
-0.00673085
-0.00625336
-0.00545898
-0.00456900
-0.00375349
-0.00308884
-0.00250895
-0.00188720
-0.00107894
-0.00006380
0.00103757
0.00198233
0.00258920
0.00280997
0.00276915
0.00263330
0.00252492
0.00238805
0.00203438
0.00124218
-0.00003044
-0.00162702
-0.00325327
-0.00467971
-0.00580931
-0.00672240
-0.00754591
-0.00836148
-0.00909593
-0.00962613
-0.00987232
-0.00989932
-0.00980951
-0.00966902
-0.00941061
-0.00890810
-0.00804586
-0.00687631
-0.00560497
-0.00450860
-0.00371810
-0.00318666
-0.00274026
-0.00226531
-0.00174784
-0.00128400
-0.00093029
-0.00063570
-0.00020070
0.00054209
0.00159527
0.00271966
0.00360071
0.00396745
0.00369009
0.00268542
0.00087458
-0.00186658
-0.00553656
-0.00983922
-0.01405725
-0.01730696
-0.01894291
-0.01897240
-0.01803896
-0.01710662
-0.01688512
-0.01747357
-0.01831798
-0.01864434
-0.01793534
-0.01622360
-0.01392846
-0.01156091
-0.00940848
-0.00752764
-0.00584417
-0.00438654
-0.00330618
-0.00279059
-0.00284633
-0.00331189
-0.00397208
-0.00477233
-0.00580901
-0.00724302
-0.00908071
-0.01112418
-0.01301307
-0.01448584
-0.01550776
-0.01627669
-0.01695075
-0.01749637
-0.01764517
-0.01710645
-0.01572321
-0.01361883
-0.01108708
-0.00845294
-0.00590362
-0.00355479
-0.00154064
-0.00010104
0.00057242
0.00046159
-0.00018307
-0.00100404
-0.00173290
-0.00242831
-0.00341918
-0.00507287
-0.00742023
-0.01008717
-0.01246981
-0.01414659
-0.01507969
-0.01563146
-0.01622394
-0.01702033
-0.01772706
-0.01781976
-0.01689043
-0.01497474
-0.01250215
-0.01007678
-0.00813081
-0.00678853
-0.00586603
-0.00512607
-0.00445315
-0.00394331
-0.00374946
-0.00398574
-0.00463676
-0.00562486
-0.00682615
-0.00816708
-0.00960033
-0.01110148
-0.01256297
-0.01382457
-0.01468022
-0.01497892
-0.01463100
-0.01370879
-0.01242653
-0.01111670
-0.01003292
-0.00925589
-0.00861705
-0.00783085
-0.00663669
-0.00503268
-0.00330401
-0.00191479
-0.00118803
-0.00114665
-0.00149412
-0.00185410
-0.00196444
-0.00184992
-0.00172319
-0.00180806
-0.00209524
-0.00236986
-0.00235147
-0.00194166
-0.00126078
-0.00060791
-0.00024694
-0.00028411
-0.00058122
-0.00091027
-0.00108930
-0.00111230
-0.00106049
-0.00103796
-0.00105414
-0.00103998
-0.00084428
-0.00037039
0.00037172
0.00121535
0.00195674
0.00240950
0.00251101
0.00231412
0.00200723
0.00177340
0.00170326
0.00170648
0.00162076
0.00128598
0.00067232
-0.00013827
-0.00097021
-0.00171635
-0.00238369
-0.00309152
-0.00389331
-0.00472816
-0.00541928
-0.00583490
-0.00594849
-0.00589849
-0.00585439
-0.00589879
-0.00589174
-0.00559455
-0.00483766
-0.00371061
-0.00249085
-0.00151351
-0.00094572
-0.00074234
-0.00068271
-0.00061301
-0.00056829
-0.00078476
-0.00146236
-0.00262359
-0.00405206
-0.00546565
-0.00665545
-0.00763666
-0.00855861
-0.00955980
-0.01055405
-0.01128528
-0.01148608
-0.01111871
-0.01038420
-0.00963965
-0.00914677
-0.00895310
-0.00885740
-0.00863704
-0.00822260
-0.00779585
-0.00760925
-0.00783449
-0.00842952
-0.00922666
-0.01002629
-0.01076578
-0.01149698
-0.01230055
-0.01310520
-0.01371503
-0.01391080
-0.01364036
-0.01299972
-0.01216319
-0.01119003
-0.00997827
-0.00829007
-0.00599978
-0.00323569
-0.00040062
0.00209126
0.00401224
0.00544005
0.00660995
0.00775359
0.00889823
0.00990114
0.01056759
0.01086869
0.01091992
0.01087928
0.01075094
0.01041346
0.00968845
0.00854404
0.00714336
0.00582483
0.00486990
0.00436523
0.00415616
0.00405081
0.00394959
0.00393299
0.00413999
0.00467174
0.00544659
0.00625234
0.00684347
0.00714114
0.00723158
0.00730580
0.00748026
0.00775450
0.00796512
0.00789509
0.00736077
0.00637191
0.00511103
0.00388554
0.00295647
0.00246545
0.00232842
0.00230783
0.00213233
0.00174313
0.00134660
0.00135967
0.00215091
0.00386127
0.00625457
0.00883196
0.01103835
0.01256441
0.01340812
0.01379688
0.01395717
0.01402263
0.01397693
0.01377614
0.01342437
0.01307264
0.01289433
0.01298016
0.01323430
0.01347315
0.01350091
0.01324097
0.01272597
0.01210496
0.01150124
0.01097101
0.01045499
0.00988886
0.00921478
0.00843252
0.00755574
0.00665240
0.00577983
0.00498738
0.00426038
0.00357859
0.00288556
0.00214047
0.00131459
0.00047705
-0.00026107
-0.00078355
-0.00108020
-0.00122428
-0.00138584
-0.00172574
-0.00234078
-0.00315946
-0.00402341
-0.00476956
-0.00536479
-0.00586666
-0.00639642
-0.00701072
-0.00767446
-0.00822807
-0.00853496
-0.00856827
-0.00847245
-0.00841377
-0.00848699
-0.00861497
-0.00863013
-0.00834918
-0.00774714
-0.00696976
-0.00627947
-0.00583980
-0.00565147
-0.00554767
-0.00535348
-0.00495797
-0.00441101
-0.00385272
-0.00344405
-0.00322084
-0.00312350
-0.00303452
-0.00289106
-0.00266490
-0.00239647
-0.00214226
-0.00198013
-0.00192634
-0.00196791
-0.00204415
-0.00210621
-0.00209066
-0.00199523
-0.00186961
-0.00182262
-0.00189611
-0.00205190
-0.00215252
-0.00206861
-0.00171086
-0.00112450
-0.00044537
0.00014680
0.00057859
0.00087300
0.00112288
0.00137109
0.00162172
0.00181924
0.00193595
0.00198720
0.00208231
0.00231147
0.00268146
0.00304179
0.00318934
0.00292748
0.00218214
0.00100006
-0.00042382
-0.00186238
-0.00311529
-0.00409443
-0.00476758
-0.00516909
-0.00533757
-0.00531895
-0.00509442
-0.00463548
-0.00391974
-0.00300271
-0.00196404
-0.00091664
0.00005864
0.00090114
0.00161548
0.00218829
0.00257165
0.00265058
0.00235524
0.00168292
0.00073856
-0.00033971
-0.00138539
-0.00228610
-0.00295866
-0.00335018
-0.00335537
-0.00287826
-0.00187129
-0.00041992
0.00132681
0.00318247
0.00501536
0.00673492
0.00831189
0.00967734
0.01071992
0.01128924
0.01132511
0.01086530
0.01002386
0.00887896
0.00746510
0.00575494
0.00376619
0.00160536
-0.00047167
-0.00219376
-0.00338193
-0.00405509
-0.00432769
-0.00433175
-0.00410078
-0.00360178
-0.00275576
-0.00156823
-0.00013362
0.00138535
0.00290579
0.00442760
0.00600660
0.00762039
0.00915985
0.01040885
0.01115669
0.01125883
0.01073573
0.00969601
0.00827218
0.00652453
0.00449552
0.00221363
-0.00024099
-0.00275601
-0.00514733
-0.00723566
-0.00886832
-0.00999172
-0.01061611
-0.01084962
-0.01084031
-0.01074321
-0.01058394
-0.01027273
-0.00964521
-0.00861763
-0.00724316
-0.00576760
-0.00451214
-0.00375083
-0.00353403
-0.00372594
-0.00409972
-0.00452064
-0.00495971
-0.00548856
-0.00614653
-0.00689261
-0.00755446
-0.00795600
-0.00799616
-0.00771875
-0.00720452
-0.00652452
-0.00567748
-0.00465282
-0.00343964
-0.00210696
-0.00076930
0.00042981
0.00141718
0.00215056
0.00260053
0.00269279
0.00238978
0.00171277
0.00079718
-0.00017511
-0.00100881
-0.00161771
-0.00201998
-0.00230499
-0.00247593
-0.00243691
-0.00202257
-0.00114591
0.00016609
0.00173824
0.00336119
0.00487177
0.00625939
0.00757884
0.00886427
0.01002001
0.01089763
0.01135991
0.01139678
0.01112153
0.01074631
0.01043232
0.01022346
0.01001167
0.00967755
0.00915010
0.00847449
0.00775601
0.00714739
0.00674630
0.00658027
0.00657553
0.00664043
0.00666611
0.00658190
0.00634776
0.00601884
0.00568881
0.00546231
0.00536688
0.00538302
0.00542847
0.00543614
0.00538394
0.00538467
0.00563830
0.00639452
0.00784104
0.01008627
0.01307508
0.01660238
0.02031941
0.02387425
0.02697429
0.02947345
0.03133417
0.03260935
0.03332169
0.03342490
0.03280678
0.03142792
0.02934728
0.02673425
0.02372940
0.02039726
0.01667847
0.01251299
0.00797458
0.00341609
-0.00064029
-0.00371081
-0.00562057
-0.00653139
-0.00683945
-0.00688684
-0.00677908
-0.00631295
-0.00519819
-0.00328868
-0.00075161
0.00205422
0.00475085
0.00714123
0.00920872
0.01104843
0.01267246
0.01396191
0.01471281
0.01482927
0.01439498
0.01365869
0.01287336
0.01222787
0.01177917
0.01153146
0.01149384
0.01176834
0.01247128
0.01367194
0.01530711
0.01724118
0.01929360
0.02129296
0.02305874
0.02444205
0.02529401
0.02551046
0.02502503
0.02385635
0.02202155
0.01950751
0.01624466
0.01224245
0.00765078
0.00281140
-0.00186093
-0.00599236
-0.00942329
-0.01220611
-0.01452248
-0.01645730
-0.01793635
-0.01874512
-0.01870414
-0.01775751
-0.01604688
-0.01383236
-0.01139951
-0.00892415
-0.00650182
-0.00417525
-0.00202185
-0.00012019
0.00143538
0.00258018
0.00326327
0.00350201
0.00334959
0.00290533
0.00225998
0.00150370
0.00065435
-0.00032498
-0.00149969
-0.00282655
-0.00413451
-0.00514554
-0.00562807
-0.00547713
-0.00479514
-0.00380748
-0.00275992
-0.00176752
-0.00084448
0.00003239
0.00081107
0.00141055
0.00176202
0.00189986
0.00192489
0.00195277
0.00196555
0.00179691
0.00120036
0.00006651
-0.00149846
-0.00319568
-0.00473248
-0.00594952
-0.00690863
-0.00777917
-0.00869753
-0.00960468
-0.01030155
-0.01056460
-0.01031763
-0.00961934
-0.00862993
-0.00747433
-0.00620716
-0.00478761
-0.00318912
-0.00144643
0.00031704
0.00199180
0.00350598
0.00484283
0.00596336
0.00680540
0.00725232
0.00720769
0.00663845
0.00565520
0.00444665
0.00321340
0.00206583
0.00105419
0.00017804
-0.00054076
-0.00106471
-0.00132426
-0.00130219
-0.00105155
-0.00070412
-0.00036029
-0.00005672
0.00026127
0.00066264
0.00120027
0.00183250
0.00245310
0.00292775
0.00320449
0.00330289
0.00328743
0.00317173
0.00293126
0.00250170
0.00186150
0.00105406
0.00022018
-0.00050650
-0.00106701
-0.00153060
-0.00199130
-0.00249466
-0.00295455
-0.00320849
-0.00308453
-0.00255104
-0.00174369
-0.00091743
-0.00025813
0.00019993
0.00058458
0.00103995
0.00162632
0.00222951
0.00264714
0.00271770
0.00248754
0.00217917
0.00206924
0.00228357
0.00275044
0.00323190
0.00350846
0.00351045
0.00340030
0.00343936
0.00383118
0.00457046
0.00548828
0.00633564
0.00693360
0.00722098
0.00727943
0.00722829
0.00716515
0.00711379
0.00708667
0.00709002
0.00715218
0.00728658
0.00751643
0.00783871
0.00823898
0.00866911
0.00908825
0.00943720
0.00966246
0.00970704
0.00956509
0.00925210
0.00880018
0.00821298
0.00750729
0.00670071
0.00583723
0.00495037
0.00407547
0.00320433
0.00231462
0.00138561
0.00047467
-0.00031580
-0.00087729
-0.00118112
-0.00125832
-0.00118844
-0.00102359
-0.00077905
-0.00041919
0.00005851
0.00060837
0.00115124
0.00169765
0.00236595
0.00333586
0.00467327
0.00623717
0.00765150
0.00848368
0.00845850
0.00765709
0.00645128
0.00529549
0.00444043
0.00384422
0.00322636
0.00230466
0.00097554
-0.00058639
-0.00205676
-0.00312153
-0.00362654
-0.00355565
-0.00299445
-0.00205186
-0.00086476
0.00042660
0.00165442
0.00267781
0.00341774
0.00391820
0.00427474
0.00455276
0.00468916
0.00453753
0.00393608
0.00284032
0.00136367
-0.00022016
-0.00161677
-0.00262605
-0.00323457
-0.00355432
-0.00375494
-0.00394422
-0.00412679
-0.00417163
-0.00390346
-0.00318727
-0.00203320
-0.00058674
0.00088992
0.00212183
0.00290024
0.00318069
0.00305362
0.00268788
0.00220994
0.00166468
0.00097403
-0.00000486
-0.00141499
-0.00327228
-0.00543869
-0.00763004
-0.00952810
-0.01087032
-0.01157815
-0.01176572
-0.01168805
-0.01155124
-0.01140017
-0.01106750
-0.01029522
-0.00887620
-0.00683639
-0.00444418
-0.00210456
-0.00011896
0.00144378
0.00275846
0.00406730
0.00550980
0.00697840
0.00816949
0.00873507
0.00851101
0.00759271
0.00629418
0.00496378
0.00384659
0.00297378
0.00220675
0.00133672
0.00025163
-0.00101060
-0.00226752
-0.00330831
-0.00397700
-0.00426903
-0.00431419
-0.00431171
-0.00438276
-0.00452155
-0.00460608
-0.00452037
-0.00423261
-0.00385335
-0.00355457
-0.00346002
-0.00351674
-0.00353297
-0.00329267
-0.00272466
-0.00193173
-0.00113878
-0.00053089
-0.00015523
0.00011179
0.00043487
0.00090428
0.00147204
0.00205060
0.00260276
0.00320354
0.00395857
0.00491328
0.00595503
0.00687172
0.00747629
0.00777111
0.00793885
0.00822570
0.00874824
0.00943381
0.01006022
0.01042858
0.01048272
0.01034314
0.01016569
0.00999255
0.00967307
0.00897515
0.00773252
0.00598137
0.00393229
0.00186706
-0.00004211
-0.00179810
-0.00354226
-0.00538506
-0.00730370
-0.00911337
-0.01057822
-0.01152365
-0.01194692
-0.01200394
-0.01193551
-0.01191702
-0.01199447
-0.01206884
-0.01198102
-0.01157700
-0.01079564
-0.00969056
-0.00842092
-0.00717276
-0.00611563
-0.00534665
-0.00489057
-0.00468176
-0.00461719
-0.00459495
-0.00457309
-0.00455656
-0.00458959
-0.00469148
-0.00481947
-0.00482489
-0.00451542
-0.00374045
-0.00250224
-0.00096338
0.00059708
0.00192311
0.00289315
0.00359440
0.00423600
0.00500945
0.00593585
0.00685887
0.00751906
0.00771441
0.00739631
0.00669671
0.00581129
0.00488751
0.00395471
0.00299389
0.00201438
0.00111387
0.00042424
0.00003616
-0.00009334
-0.00011084
-0.00016901
-0.00027942
-0.00030323
-0.00004713
0.00055431
0.00136309
0.00207171
0.00238822
0.00220115
0.00165302
0.00100227
0.00042932
-0.00010966
-0.00081839
-0.00189668
-0.00334965
-0.00495992
-0.00639565
-0.00743831
-0.00810832
-0.00864055
-0.00927641
-0.01008592
-0.01089561
-0.01140448
-0.01135953
-0.01071891
-0.00966295
-0.00847870
-0.00736480
-0.00632960
-0.00519571
-0.00374056
-0.00183851
0.00041047
0.00268684
0.00455308
0.00566051
0.00589873
0.00546075
0.00474084
0.00416098
0.00395005
0.00404809
0.00415020
0.00391273
0.00313723
0.00187417
0.00035796
-0.00111425
-0.00232790
-0.00318383
-0.00366325
-0.00373804
-0.00337281
-0.00257438
-0.00147512
-0.00031424
0.00063836
0.00121913
0.00143274
0.00143398
0.00138504
0.00133650
0.00118440
0.00077623
0.00002967
-0.00097979
-0.00206285
-0.00301288
-0.00373660
-0.00428330
-0.00479839
-0.00540162
-0.00612899
-0.00692369
-0.00769605
-0.00835071
-0.00881370
-0.00901580
-0.00890676
-0.00846850
-0.00776958
-0.00696514
-0.00625050
-0.00574165
-0.00540647
-0.00506217
-0.00448749
-0.00354215
-0.00226666
-0.00085590
0.00044533
0.00149595
0.00231644
0.00306098
0.00390156
0.00494538
0.00618973
0.00756662
0.00899877
0.01045317
0.01190995
0.01331561
0.01454276
0.01542923
0.01584654
0.01577422
0.01530921
0.01462488
0.01387325
0.01313282
0.01240357
0.01168964
0.01104301
0.01057286
0.01036381
0.01041180
0.01058329
0.01069761
0.01063953
0.01047846
0.01044797
0.01080916
0.01167220
0.01290041
0.01414602
0.01501824
0.01526622
0.01487977
0.01402819
0.01293183
0.01171608
0.01040549
0.00896752
0.00741606
0.00583453
0.00435568
0.00308223
0.00205360
0.00125894
0.00070885
0.00045669
0.00057802
0.00110130
0.00198539
0.00313318
0.00446333
0.00595273
0.00763957
0.00954192
0.01159187
0.01362481
0.01547108
0.01704814
0.01840381
0.01964731
0.02083365
0.02185790
0.02248734
0.02248434
0.02178777
0.02058324
0.01922773
0.01805680
0.01721844
0.01661069
0.01598449
0.01512055
0.01399866
0.01280736
0.01184253
0.01133561
0.01135711
0.01180393
0.01249049
0.01324125
0.01396251
0.01462153
0.01520814
0.01569680
0.01606005
0.01627439
0.01633060
0.01619599
0.01580748
0.01506907
0.01391863
0.01237541
0.01057829
0.00871002
0.00690617
0.00517341
0.00342099
0.00156127
-0.00036572
-0.00215587
-0.00350229
-0.00414633
-0.00399367
-0.00314306
-0.00179811
-0.00016590
0.00160462
0.00340169
0.00511433
0.00660827
0.00776749
0.00854712
0.00900639
0.00925341
0.00936155
0.00930377
0.00897789
0.00827481
0.00715986
0.00568406
0.00395119
0.00205444
0.00006504
-0.00193904
-0.00381818
-0.00538092
-0.00644707
-0.00694674
-0.00695695
-0.00667052
-0.00629177
-0.00595025
-0.00566464
-0.00539595
-0.00511913
-0.00486968
-0.00471332
-0.00469227
-0.00478104
-0.00490076
-0.00497005
-0.00497726
-0.00500462
-0.00520007
-0.00568855
-0.00649314
-0.00749113
-0.00845477
-0.00914934
-0.00946411
-0.00948362
-0.00945961
-0.00966750
-0.01024305
-0.01108852
-0.01192387
-0.01246029
-0.01259389
-0.01247958
-0.01243871
-0.01273851
-0.01341579
-0.01425012
-0.01492128
-0.01522315
-0.01519576
-0.01508451
-0.01515674
-0.01550145
-0.01596752
-0.01625408
-0.01610407
-0.01542878
-0.01434245
-0.01305821
-0.01176885
-0.01056113
-0.00943233
-0.00834954
-0.00731652
-0.00639317
-0.00567931
-0.00527004
-0.00521894
-0.00551173
-0.00607277
-0.00679102
-0.00756431
-0.00832885
-0.00906425
-0.00975535
-0.01034301
-0.01069383
-0.01063973
-0.01006442
-0.00899529
-0.00761959
-0.00621429
-0.00501169
-0.00408634
-0.00332824
-0.00252921
-0.00152029
-0.00028187
0.00104835
0.00226022
0.00320182
0.00386885
0.00440581
0.00501055
0.00580801
0.00676586
0.00770797
0.00841728
0.00876769
0.00879965
0.00869118
0.00863249
0.00869080
0.00875574
0.00861442
0.00810287
0.00723197
0.00618987
0.00521634
0.00443008
0.00374276
0.00292252
0.00177418
0.00030021
-0.00126838
-0.00260202
-0.00346529
-0.00384452
-0.00391649
-0.00389617
-0.00387064
-0.00374354
-0.00331736
-0.00244940
-0.00116877
0.00031603
0.00171557
0.00278836
0.00342847
0.00367271
0.00364341
0.00347013
0.00323214
0.00293268
0.00251140
0.00188434
0.00100199
-0.00010109
-0.00129515
-0.00239936
-0.00326396
-0.00384545
-0.00422441
-0.00455171
-0.00495618
-0.00547343
-0.00604011
-0.00655208
-0.00694384
-0.00723166
-0.00750050
-0.00784899
-0.00833521
-0.00895150
-0.00963548
-0.01029853
-0.01085035
-0.01121447
-0.01133888
-0.01120218
-0.01081353
-0.01021582
-0.00946172
-0.00861290
-0.00772517
-0.00684557
-0.00600221
-0.00518940
-0.00436634
-0.00347676
-0.00249313
-0.00145513
-0.00047623
0.00030398
0.00079329
0.00099987
0.00102084
0.00097919
0.00095163
0.00094518
0.00093068
0.00090211
0.00089905
0.00096937
0.00109585
0.00115819
0.00097159
0.00039434
-0.00057259
-0.00175602
-0.00288175
-0.00369978
-0.00409458
-0.00411671
-0.00393624
-0.00375055
-0.00370137
-0.00382180
-0.00403027
-0.00415775
-0.00401207
-0.00345290
-0.00245993
-0.00115390
0.00024304
0.00150413
0.00249303
0.00320828
0.00374301
0.00420204
0.00462671
0.00497963
0.00517961
0.00515628
0.00487360
0.00431872
0.00347687
0.00234090
0.00095112
-0.00056175
-0.00198635
-0.00309633
-0.00375123
-0.00396219
-0.00388433
-0.00372583
-0.00364177
-0.00367031
-0.00375556
-0.00381391
-0.00380623
-0.00375370
-0.00370808
-0.00369901
-0.00371417
-0.00372435
-0.00374381
-0.00386068
-0.00421744
-0.00493428
-0.00603186
-0.00738909
-0.00877801
-0.00995189
-0.01075022
-0.01115008
-0.01125515
-0.01121738
-0.01116434
-0.01114703
-0.01114194
-0.01108990
-0.01094710
-0.01070331
-0.01037999
-0.01000951
-0.00963752
-0.00932102
-0.00912774
-0.00911146
-0.00928414
-0.00958445
-0.00988914
-0.01005976
-0.01001336
-0.00975194
-0.00934211
-0.00884280
-0.00825060
-0.00748782
-0.00646291
-0.00514813
-0.00363444
-0.00209770
-0.00071412
0.00042897
0.00134921
0.00212452
0.00280629
0.00337381
0.00374661
0.00386240
0.00373449
0.00345083
0.00308966
0.00264006
0.00198208
0.00097795
-0.00039488
-0.00194114
-0.00328428
-0.00403163
-0.00399849
-0.00332928
-0.00245288
-0.00187226
-0.00192874
-0.00265302
-0.00380028
-0.00501563
-0.00603951
-0.00680852
-0.00743044
-0.00805835
-0.00877962
-0.00956114
-0.01028812
-0.01084190
-0.01116936
-0.01130503
-0.01133464
-0.01134178
-0.01136934
-0.01139080
-0.01132454
-0.01105422
-0.01048509
-0.00957729
-0.00836598
-0.00693966
-0.00540911
-0.00385532
-0.00231262
-0.00077660
0.00074783
0.00221976
0.00355174
0.00463918
0.00538469
0.00573183
0.00566735
0.00522162
0.00444569
0.00340764
0.00218056
0.00084500
-0.00052122
-0.00182831
-0.00297544
-0.00385776
-0.00441317
-0.00465341
-0.00467526
-0.00460674
-0.00453098
-0.00440860
-0.00408602
-0.00338312
-0.00223978
-0.00078693
0.00068933
0.00190393
0.00271989
0.00321664
0.00360379
0.00406768
0.00463535
0.00518771
0.00557577
0.00576764
0.00588288
0.00612453
0.00663897
0.00743365
0.00838488
0.00934676
0.01023943
0.01106879
0.01184601
0.01253460
0.01303438
0.01327195
0.01326481
0.01313934
0.01303632
0.01299240
0.01287407
0.01245279
0.01155819
0.01022257
0.00868471
0.00728233
0.00627305
0.00572781
0.00552869
0.00549002
0.00547959
0.00547904
0.00552783
0.00564817
0.00579144
0.00587411
0.00583878
0.00572075
0.00562871
0.00566854
0.00583265
0.00597096
0.00584041
0.00522830
0.00404532
0.00237106
0.00040282
-0.00162640
-0.00353414
-0.00519682
-0.00652174
-0.00739893
-0.00771265
-0.00737521
-0.00638498
-0.00483696
-0.00290232
-0.00074948
0.00150580
0.00381192
0.00611797
0.00833006
0.01029322
0.01184838
0.01288774
0.01340898
0.01349058
0.01323558
0.01269599
0.01186676
0.01073356
0.00934547
0.00783208
0.00637517
0.00511950
0.00410557
0.00324025
0.00237057
0.00138569
0.00031628
-0.00066665
-0.00131608
-0.00143814
-0.00098676
-0.00010731
0.00093981
0.00189631
0.00262691
0.00314238
0.00356302
0.00401555
0.00456029
0.00515125
0.00568775
0.00607592
0.00628391
0.00632763
0.00625730
0.00613107
0.00602812
0.00604439
0.00629343
0.00685975
0.00775696
0.00889175
0.01011057
0.01126505
0.01227684
0.01311117
0.01372623
0.01401694
0.01383632
0.01306522
0.01171877
0.00995622
0.00800446
0.00600707
0.00395740
0.00174723
-0.00067320
-0.00318226
-0.00547724
-0.00722802
-0.00825679
-0.00864854
-0.00866570
-0.00856468
-0.00842206
-0.00812980
-0.00750770
-0.00647462
-0.00511392
-0.00363282
-0.00222091
-0.00096636
0.00013603
0.00106970
0.00172876
0.00192827
0.00151899
0.00048198
-0.00102864
-0.00276574
-0.00450337
-0.00614836
-0.00773354
-0.00934978
-0.01103849
-0.01274709
-0.01431599
-0.01553192
-0.01618890
-0.01617981
-0.01553631
-0.01443583
-0.01312317
-0.01182784
-0.01064983
-0.00954587
-0.00839809
-0.00716060
-0.00594076
-0.00498520
-0.00453962
-0.00471400
-0.00539942
-0.00633472
-0.00724168
-0.00797271
-0.00852757
-0.00898366
-0.00937744
-0.00967057
-0.00976890
-0.00960284
-0.00916398
-0.00850873
-0.00769018
-0.00672475
-0.00559285
-0.00430694
-0.00293849
-0.00161715
-0.00047008
0.00040589
0.00096875
0.00119713
0.00107051
0.00054604
-0.00039772
-0.00172824
-0.00333187
-0.00505873
-0.00675783
-0.00832004
-0.00967184
-0.01077524
-0.01158930
-0.01206881
-0.01216069
-0.01183951
-0.01110831
-0.01000532
-0.00857353
-0.00685987
-0.00487955
-0.00262275
-0.00007048
0.00272741
0.00561419
0.00831004
0.01048616
0.01185386
0.01228837
0.01184459
0.01071435
0.00908155
0.00705180
0.00464825
0.00191468
-0.00100330
-0.00382138
-0.00620471
-0.00789385
-0.00882442
-0.00910690
-0.00892955
-0.00841690
-0.00758534
-0.00635706
-0.00465778
-0.00248168
0.00006549
0.00281374
0.00557058
0.00816224
0.01041135
0.01214228
0.01319078
0.01345791
0.01292745
0.01170134
0.00995821
0.00790965
0.00572330
0.00351283
0.00134708
-0.00069597
-0.00251521
-0.00397241
-0.00493459
-0.00530928
-0.00509859
-0.00437821
-0.00326421
-0.00185296
-0.00022692
0.00153555
0.00330961
0.00491706
0.00613260
0.00676503
0.00671294
0.00599740
0.00470961
0.00297174
0.00090521
-0.00133899
-0.00356737
-0.00553042
-0.00698704
-0.00777725
-0.00789326
-0.00743402
-0.00651823
-0.00518858
-0.00343598
-0.00127196
0.00116427
0.00360075
0.00570563
0.00724769
0.00817489
0.00858239
0.00854782
0.00802551
0.00684864
0.00489140
0.00222103
-0.00082694
-0.00376738
-0.00616524
-0.00782584
-0.00878837
-0.00918696
-0.00905889
-0.00829211
-0.00669105
-0.00414937
-0.00075856
0.00317113
0.00724118
0.01109432
0.01450306
0.01732632
0.01946518
0.02081659
0.02130403
0.02089901
0.01966270
0.01772868
0.01528358
0.01250909
0.00960643
0.00679263
0.00431661
0.00239092
0.00114278
0.00055490
0.00047818
0.00066629
0.00088046
0.00096401
0.00089438
0.00074297
0.00062807
0.00063175
0.00076136
0.00092274
0.00098334
0.00083955
0.00048760
0.00000079
-0.00051639
-0.00101616
-0.00153316
-0.00217059
-0.00298778
-0.00391755
-0.00473934
-0.00519104
-0.00509687
-0.00448064
-0.00354689
-0.00258905
-0.00182319
-0.00130568
-0.00094392
-0.00063443
-0.00036399
-0.00025269
-0.00047053
-0.00113887
-0.00222664
-0.00356194
-0.00490785
-0.00609924
-0.00708812
-0.00792069
-0.00863384
-0.00920245
-0.00952171
-0.00948874
-0.00908143
-0.00842301
-0.00772133
-0.00717283
-0.00685735
-0.00674354
-0.00673319
-0.00675293
-0.00677878
-0.00683258
-0.00690733
-0.00695105
-0.00689377
-0.00675225
-0.00665655
-0.00680371
-0.00730936
-0.00810637
-0.00891155
-0.00935299
-0.00914443
-0.00824152
-0.00681645
-0.00512642
-0.00333462
-0.00146824
0.00052622
0.00263152
0.00468526
0.00639799
0.00752171
0.00799099
0.00797251
0.00772716
0.00744270
0.00709851
0.00649519
0.00537428
0.00360951
0.00130324
-0.00121726
-0.00354050
-0.00529624
-0.00626422
-0.00639139
-0.00579348
-0.00468706
-0.00333352
-0.00196096
-0.00073789
0.00026629
0.00105700
0.00168200
0.00214998
0.00241246
0.00236599
0.00191673
0.00101840
-0.00027093
-0.00179707
-0.00333992
-0.00470822
-0.00578575
-0.00655979
-0.00707355
-0.00738238
-0.00747482
-0.00726562
-0.00662847
-0.00551004
-0.00398726
-0.00228092
-0.00066330
0.00063195
0.00151317
0.00203001
0.00232086
0.00249316
0.00257879
0.00253097
0.00229293
0.00182935
0.00116832
0.00038760
-0.00038784
-0.00102622
-0.00139044
-0.00137556
-0.00092990
-0.00009635
0.00103284
0.00237591
0.00393477
0.00575863
0.00786813
0.01013321
0.01224826
0.01379337
0.01444104
0.01410428
0.01298199
0.01139370
0.00959104
0.00763268
0.00545096
0.00300322
0.00044025
-0.00190450
-0.00366996
-0.00470391
-0.00513500
-0.00526870
-0.00533785
-0.00534733
-0.00507369
-0.00427361
-0.00290152
-0.00122047
0.00034118
0.00143029
0.00197252
0.00214135
0.00218848
0.00221675
0.00210821
0.00160171
0.00051866
-0.00108667
-0.00291576
-0.00460547
-0.00590208
-0.00675868
-0.00726459
-0.00753286
-0.00757877
-0.00733196
-0.00671591
-0.00577264
-0.00466579
-0.00360810
-0.00272672
-0.00201978
-0.00137386
-0.00067740
0.00009830
0.00085738
0.00146544
0.00184098
0.00202396
0.00211555
0.00220267
0.00227294
0.00223060
0.00195044
0.00139556
0.00066123
-0.00004448
-0.00052119
-0.00065616
-0.00047695
-0.00011475
0.00023202
0.00037919
0.00019526
-0.00035735
-0.00124129
-0.00234526
-0.00353815
-0.00471782
-0.00588420
-0.00711539
-0.00849943
-0.01002020
-0.01153298
-0.01279905
-0.01362140
-0.01395110
-0.01392479
-0.01374353
-0.01352242
-0.01318400
-0.01253759
-0.01143426
-0.00992931
-0.00829155
-0.00688891
-0.00596414
-0.00551377
-0.00531071
-0.00510337
-0.00477628
-0.00441430
-0.00419233
-0.00424069
-0.00453274
-0.00492760
-0.00528155
-0.00558432
-0.00595194
-0.00654012
-0.00741042
-0.00850586
-0.00967760
-0.01077939
-0.01170273
-0.01238234
-0.01273760
-0.01267059
-0.01210679
-0.01110853
-0.00988564
-0.00872432
-0.00781806
-0.00716757
-0.00656447
-0.00573771
-0.00452481
-0.00300640
-0.00144282
-0.00011262
0.00087514
0.00160619
0.00227449
0.00299944
0.00372883
0.00424786
0.00435038
0.00399085
0.00334744
0.00269618
0.00225269
0.00204013
0.00191390
0.00166227
0.00116741
0.00046281
-0.00029617
-0.00096141
-0.00145461
-0.00177799
-0.00194633
-0.00196495
-0.00181802
-0.00152383
-0.00115432
-0.00083932
-0.00068156
-0.00070066
-0.00080993
-0.00090029
-0.00090375
-0.00084208
-0.00078743
-0.00082977
-0.00102246
-0.00139374
-0.00195249
-0.00271117
-0.00363038
-0.00458926
-0.00538642
-0.00585541
-0.00595994
-0.00584438
-0.00573828
-0.00581847
-0.00605877
-0.00623638
-0.00605497
-0.00535483
-0.00419417
-0.00280532
-0.00142225
-0.00016944
0.00098177
0.00212385
0.00332903
0.00458627
0.00585409
0.00710265
0.00833017
0.00948746
0.01045613
0.01108112
0.01129504
0.01118562
0.01098444
0.01091685
0.01105939
0.01126311
0.01128739
0.01097600
0.01039528
0.00975148
0.00921579
0.00877017
0.00823271
0.00741905
0.00636517
0.00537219
0.00485942
0.00507072
0.00591447
0.00700300
0.00790530
0.00837229
0.00844222
0.00832309
0.00820772
0.00812113
0.00796356
0.00762818
0.00712063
0.00652699
0.00593807
0.00536359
0.00476556
0.00412672
0.00354563
0.00321076
0.00330555
0.00386745
0.00477640
0.00582557
0.00685605
0.00779615
0.00864858
0.00940835
0.01003970
0.01048491
0.01075083
0.01091985
0.01111434
0.01137110
0.01160746
0.01167042
0.01147324
0.01106698
0.01064235
0.01039722
0.01041215
0.01059136
0.01075219
0.01076105
0.01063327
0.01049118
0.01046541
0.01058448
0.01076162
0.01084190
0.01070390
0.01031802
0.00975192
0.00911503
0.00853172
0.00811055
0.00793707
0.00801436
0.00824831
0.00845353
0.00844439
0.00812064
0.00754675
0.00690985
0.00641160
0.00611753
0.00593174
0.00566849
0.00520761
0.00456908
0.00391309
0.00342175
0.00319656
0.00319337
0.00329033
0.00337333
0.00340783
0.00340446
0.00338758
0.00335858
0.00332425
0.00330004
0.00332233
0.00340073
0.00349441
0.00350732
0.00338642
0.00276597
0.00271038
0.00300340
0.00370431
0.00462168
0.00539456
0.00567169
0.00533123
0.00453525
0.00362017
0.00284783
0.00225893
0.00167589
0.00088198
-0.00021204
-0.00148036
-0.00267338
-0.00356829
-0.00410953
-0.00438711
-0.00453661
-0.00461329
-0.00458207
-0.00435905
-0.00390529
-0.00325488
-0.00251619
-0.00180353
-0.00121042
-0.00079751
-0.00063259
-0.00076898
-0.00121444
-0.00187704
-0.00259187
-0.00316802
-0.00348307
-0.00352727
-0.00341639
-0.00331370
-0.00336059
-0.00361698
-0.00407958
-0.00469032
-0.00536806
-0.00601164
-0.00653865
-0.00689246
-0.00706863
-0.00710599
-0.00709131
-0.00711512
-0.00725556
-0.00755336
-0.00802848
-0.00865227
-0.00933516
-0.00990779
-0.01018056
-0.01001131
-0.00939952
-0.00850531
-0.00761492
-0.00699409
-0.00676361
-0.00683341
-0.00699146
-0.00703304
-0.00690244
-0.00671993
-0.00672884
-0.00714046
-0.00801745
-0.00922444
-0.01051813
-0.01165611
-0.01250902
-0.01308348
-0.01348879
-0.01382289
-0.01409780
-0.01419653
-0.01395196
-0.01321637
-0.01195274
-0.01024712
-0.00830278
-0.00635606
-0.00462056
-0.00323632
-0.00228494
-0.00178750
-0.00172745
-0.00205283
-0.00271828
-0.00369736
-0.00500587
-0.00667536
-0.00872499
-0.01108756
-0.01358438
-0.01594738
-0.01792252
-0.01935983
-0.02025824
-0.02069896
-0.02076382
-0.02043389
-0.01958822
-0.01808805
-0.01591891
-0.01324394
-0.01037397
-0.00762252
-0.00520038
-0.00315237
-0.00141968
0.00006300
0.00126665
0.00208295
0.00239002
0.00214981
0.00142301
0.00035675
-0.00087681
-0.00210058
-0.00315411
-0.00387626
-0.00414115
-0.00391174
-0.00331862
-0.00262842
-0.00213040
-0.00195537
-0.00199447
-0.00193867
-0.00148394
-0.00054485
0.00062912
0.00158115
0.00190033
0.00147213
0.00051084
-0.00059128
-0.00153200
-0.00225910
-0.00295788
-0.00384089
-0.00495365
-0.00611037
-0.00704139
-0.00757663
-0.00775592
-0.00774879
-0.00769911
-0.00758285
-0.00724007
-0.00652332
-0.00547614
-0.00434224
-0.00342924
-0.00289675
-0.00267384
-0.00251728
-0.00220647
-0.00168816
-0.00110811
-0.00066947
-0.00048120
-0.00048268
-0.00053074
-0.00051713
-0.00045100
-0.00041175
-0.00045998
-0.00054163
-0.00050883
-0.00020554
0.00041371
0.00126836
0.00220248
0.00308389
0.00383308
0.00442133
0.00481960
0.00499295
0.00490765
0.00458475
0.00410225
0.00356272
0.00301292
0.00242983
0.00175661
0.00099481
0.00024221
-0.00031766
-0.00051265
-0.00026947
0.00033177
0.00111879
0.00191996
0.00265394
0.00331905
0.00394710
0.00452449
0.00497156
0.00515762
0.00498255
0.00443177
0.00359821
0.00262277
0.00163643
0.00070271
-0.00018178
-0.00107253
-0.00201650
-0.00301839
-0.00401809
-0.00492218
-0.00562177
-0.00602459
-0.00606260
-0.00571653
-0.00500914
-0.00400809
-0.00280359
-0.00150296
-0.00019084
0.00108318
0.00231042
0.00347639
0.00453580
0.00539364
0.00594619
0.00612590
0.00596253
0.00557639
0.00512605
0.00470177
0.00428046
0.00374457
0.00299151
0.00203072
0.00104131
0.00030872
0.00009701
0.00049773
0.00139039
0.00250413
0.00356995
0.00443737
0.00513101
0.00578902
0.00655798
0.00747648
0.00845199
0.00930124
0.00984795
0.00998463
0.00971805
0.00914379
0.00840086
0.00760720
0.00683937
0.00612640
0.00547743
0.00488478
0.00433823
0.00381531
0.00328702
0.00271434
0.00208304
0.00142405
0.00082371
0.00037710
0.00014394
0.00010392
0.00017074
0.00023440
0.00024554
0.00025248
0.00038264
0.00074446
0.00135021
0.00208572
0.00277710
0.00328370
0.00358853
0.00379281
0.00404228
0.00440954
0.00485153
0.00523906
0.00545606
0.00546101
0.00530062
0.00504416
0.00472157
0.00428996
0.00368900
0.00290820
0.00202879
0.00117742
0.00045981
-0.00009906
-0.00054026
-0.00092432
-0.00126389
-0.00151931
-0.00163717
-0.00161945
-0.00153100
-0.00146109
-0.00145289
-0.00148611
-0.00149984
-0.00145937
-0.00138512
-0.00134078
-0.00136091
-0.00141282
-0.00141348
-0.00132160
-0.00119608
-0.00118580
-0.00142043
-0.00190304
-0.00246079
-0.00283097
-0.00281409
-0.00241258
-0.00182478
-0.00131911
-0.00105557
-0.00100369
-0.00098130
-0.00080449
-0.00041748
0.00006679
0.00046393
0.00064782
0.00063484
0.00054306
0.00049717
0.00053628
0.00061158
0.00064359
0.00060829
0.00055482
0.00055877
0.00063062
0.00068947
0.00060827
0.00031862
-0.00012888
-0.00057454
-0.00085086
-0.00088617
-0.00075593
-0.00061731
-0.00059642
-0.00069213
-0.00078767
-0.00073252
-0.00045574
-0.00001266
0.00044344
0.00076492
0.00089219
0.00087721
0.00082067
0.00080167
0.00083127
0.00087389
0.00088828
0.00087287
0.00085817
0.00087677
0.00092147
0.00095454
0.00094166
0.00089535
0.00087142
0.00094075
0.00114215
0.00146931
0.00188233
0.00235266
0.00287950
0.00347685
0.00412359
0.00474752
0.00524839
0.00556722
0.00573088
0.00585384
0.00606632
0.00642860
0.00687249
0.00723709
0.00735551
0.00715689
0.00669471
0.00611073
0.00554830
0.00508329
0.00469543
0.00431018
0.00385729
0.00332486
0.00276625
0.00228577
0.00199462
0.00196904
0.00220621
0.00261938
0.00306163
0.00339080
0.00353033
0.00351262
0.00345638
0.00349804
0.00369931
0.00400936
0.00429173
0.00441051
0.00430222
0.00400642
0.00362326
0.00324664
0.00290724
0.00258017
0.00222649
0.00184282
0.00146639
0.00115439
0.00094801
0.00086326
0.00089716
0.00105030
0.00132463
0.00170585
0.00213543
0.00252206
0.00277969
0.00287940
0.00285979
0.00280143
0.00276655
0.00275910
0.00272046
0.00257737
0.00229131
0.00188488
0.00141749
0.00095265
0.00053110
0.00017632
-0.00009651
-0.00027019
-0.00034049
-0.00032959
-0.00028974
-0.00026996
-0.00028068
-0.00027889
-0.00020366
-0.00002470
0.00022365
0.00046353
0.00062706
0.00071517
0.00079986
0.00097331
0.00126786
0.00162284
0.00191387
0.00203438
0.00195745
0.00174672
0.00150052
0.00128381
0.00109212
0.00088516
0.00064740
0.00043048
0.00032705
0.00040767
0.00065868
0.00098057
0.00124052
0.00135496
0.00133246
0.00125701
0.00121731
0.00124680
0.00130548
0.00131822
0.00122705
0.00103000
0.00077447
0.00052530
0.00032549
0.00018720
0.00010144
0.00005756
0.00004610
0.00005696
0.00007250
0.00007345
0.00004644
-0.00000341
-0.00005572
-0.00008567
-0.00008334
-0.00005690
-0.00002712
-0.00001142
-0.00001749
-0.00003928
-0.00006439
-0.00007976
-0.00008132
-0.00007457
-0.00007558
-0.00010463
-0.00018053
-0.00030655
-0.00046405
-0.00061453
-0.00071999
-0.00076188
-0.00075306
-0.00072724
-0.00071881
-0.00073807
-0.00076783
-0.00077912
-0.00076184
-0.00073886
-0.00075864
-0.00086433
-0.00106616
-0.00132744
-0.00158036
-0.00175728
-0.00182518
-0.00179621
-0.00171726
-0.00164134
-0.00160405
-0.00160749
-0.00162660
-0.00162670
-0.00158907
-0.00152250
-0.00146099
-0.00144398
-0.00149631
-0.00161201
-0.00175727
-0.00188567
-0.00196199
-0.00197336
-0.00192895
-0.00184720
-0.00174670
-0.00163910
-0.00153078
-0.00142317
-0.00131511
-0.00120016
-0.00107098
-0.00092655
-0.00078335
-0.00067330
-0.00063005
-0.00066567
-0.00075921
-0.00086175
-0.00092320
-0.00092080
-0.00087455
-0.00083246
-0.00083953
-0.00090764
-0.00101102
-0.00110304
-0.00114654
-0.00113281
-0.00108320
-0.00102951
-0.00099335
-0.00097428
-0.00095607
-0.00091799
-0.00084686
-0.00074008
-0.00060583
-0.00045840
-0.00031669
-0.00020055
-0.00012780
-0.00010567
-0.00012623
-0.00016638
-0.00019887
-0.00020333
-0.00017488
-0.00012184
-0.00005782
0.00001063
0.00008825
0.00018750
0.00031632
0.00046981
0.00062802
0.00076448
0.00085677
0.00089752
0.00089607
0.00087320
0.00084856
0.00083204
0.00081971
0.00079868
0.00075427
0.00067920
0.00057680
0.00045989
0.00034374
0.00024133
0.00016024
0.00010420
0.00007423
0.00007125
0.00009556
0.00014587
0.00021661
0.00029859
0.00038043
0.00045213
0.00050656
0.00054151
0.00055876
0.00056273
0.00055711
0.00054380
0.00052258
0.00049283
0.00045411
0.00040753
0.00035532
0.00030079
0.00024706
0.00019785
0.00015712
0.00012905
0.00011577
0.00011666
0.00012785
0.00014392
0.00015893
0.00016855
0.00017034
0.00016410
0.00015096
0.00013414
0.00011865
0.00011060
0.00011416
0.00012981
0.00015365
0.00017981
0.00020294
0.00022098
0.00023447
0.00024425
0.00024844
0.00024283
0.00022349
0.00019048
0.00014833
0.00010410
0.00006302
0.00002603
-0.00001025
-0.00005000
-0.00009492
-0.00014275
-0.00018908
-0.00022932
-0.00026001
-0.00027825
-0.00028162
-0.00026835
-0.00023906
-0.00019783
-0.00015177
-0.00010792
-0.00007009
-0.00003749
-0.00000692
0.00002406
0.00005442
0.00007996
0.00009531
0.00009700
0.00008461
0.00006037
0.00002739
-0.00001107
-0.00005188
-0.00009166
-0.00012765
-0.00015844
-0.00018460
-0.00020779
-0.00022950
-0.00024950
-0.00026608
-0.00027737
-0.00028332
-0.00028591
-0.00028802
-0.00029137
-0.00029566
-0.00029902
-0.00029982
-0.00029791
-0.00029503
-0.00029356
-0.00029535
-0.00030109
-0.00031076
-0.00032402
-0.00034029
-0.00035816
-0.00037524
-0.00038859
-0.00039607
-0.00039755
-0.00039527
-0.00039269
-0.00039262
-0.00039566
-0.00040012
-0.00040295
-0.00040156
-0.00039509
-0.00038491
-0.00037380
-0.00036471
-0.00035936
-0.00035778
-0.00035839
-0.00035902
-0.00035795
-0.00035479
-0.00035045
-0.00034657
-0.00034452
-0.00034485
-0.00034722
-0.00035088
-0.00035519
-0.00035994
-0.00036511
-0.00037057
-0.00037592
-0.00038063
-0.00038439
-0.00038728
-0.00038966
-0.00039188
-0.00039405
-0.00039608
-0.00039790
-0.00039969
-0.00040188
-0.00040490
-0.00040888
-0.00041364
-0.00041877
-0.00042391
-0.00042893
-0.00043393
-0.00043905
-0.00044436
-0.00044979
-0.00045522
-0.00046052
-0.00046564
-0.00047058
-0.00047537


