0
-11.95948408
-11.52073021
-11.78163793
-11.38933458
-11.65115464
-11.08989303
-11.20336572
-10.66100804
-10.89604671
-10.38624854
-10.9664141
-10.63197033
-10.82876948
-10.34766567
-10.03398975
-9.035994147
-9.66988829
-9.96824289
-10.32392538
-9.610290357
-8.880894528
-7.636682702
-7.995252287
-8.112977629
-9.764210809
-7.42599255
-6.660747905
-6.161709389
-6.479015999
-5.448914104
-7.831979926
-8.376658655
-5.938465333
-2.798051945
-0.905884761
0.814712833
0.373910716
0.691546158
-7.380445531
-6.68474914
-2.551736646
-1.880571231
-6.842328736
-9.312280089
-12.34878557
-7.823682597
-7.489705793
-7.683692397
-13.23833024
-15.25666676
-15.48026692
-11.53277693
2.265911424
24.05166853
23.25183664
11.19640059
0.65995529
-5.24932597
-6.171706797
1.357205787
6.494012601
14.88837837
8.55837977
-12.64952205
-27.15005082
-29.36573584
-21.88735867
-18.29735622
-31.58213699
-54.29114508
-69.81890238
-63.58273089
-40.10727447
1.679589091
32.68478508
49.67937828
57.71402375
32.09230793
-0.110145912
-4.109356572
5.281416561
3.958972638
-15.90202982
-5.535079578
32.57236207
55.72329267
67.66275448
49.84261728
4.632246229
-51.54465861
-93.44840581
-93.29314236
-55.33674781
-1.232956771
29.080872
30.45330591
-1.015810634
-29.17400849
-23.35607809
11.35190929
19.98230846
10.98286553
-19.65596779
-58.67080641
-66.61271761
-17.71421823
30.94474949
37.85534137
22.31276109
20.24007698
32.72053286
56.13757051
80.7627534
87.29231364
85.1132593
100.7054195
131.7017011
104.2070139
62.25575669
19.00047096
-28.46263369
-66.10996305
-59.84481271
72.73263035
166.2856111
158.019282
99.0105395
50.97066356
61.41508562
96.62974176
98.01645908
73.73732523
24.36781658
3.534609101
53.16908292
88.03372677
32.58028858
-86.87160042
-169.5281225
-155.3262308
-101.7579383
-83.16069908
-48.04780245
11.56789686
80.40514814
173.3047903
225.5669746
215.6538347
191.798671
178.2681782
132.4740453
61.34735713
23.05023058
40.95109456
66.27717512
84.14144766
75.81857351
83.94052831
108.320166
69.11194211
16.88673184
-24.59880369
-95.71941943
-167.1958844
-188.496907
-166.0193668
-119.7107955
-59.40177185
20.12185623
112.3952551
217.8179287
289.3686067
351.2739587
372.3563156
332.7525118
277.1175389
206.0678595
135.3432847
148.8394424
228.3087817
265.7795892
176.777347
-38.68733056
-187.4514515
-246.9662938
-257.4534189
-258.380075
-207.4834477
-77.41676579
74.70880333
178.8841504
173.9265504
137.8434706
189.5497201
293.8432586
383.0388566
388.6251819
284.9130843
94.08108449
-207.5615356
-385.0838568
-404.883159
-382.3594135
-442.6652391
-545.556629
-536.024609
-317.3970579
-0.109172462
202.1952495
325.0193582
389.265581
331.3585056
250.486233
276.9489043
352.0299201
310.866811
112.416641
-68.77058227
-153.6921731
-218.4788309
-277.2392814
-225.7977067
-66.04688451
32.11901085
32.49088971
41.62857568
118.8691925
214.0412609
269.7684482
297.6920302
231.0923795
88.69502132
-121.0134702
-265.2518093
-343.8428561
-448.0822431
-544.9236854
-534.7315481
-472.8888822
-409.2961058
-291.2236845
-112.6409965
27.358622
-23.26298084
-237.5592536
-372.2128928
-423.8978546
-420.4624779
-363.3806227
-249.5294601
-59.03597521
102.427179
149.1095127
78.16656649
-65.16664957
-154.3073605
-169.3392793
-159.7515383
-160.3150268
-189.9146535
-205.5109437
-186.4375842
-86.98722151
68.7997377
148.5541665
227.2481206
252.7810948
104.5363368
-261.0533099
-570.9930724
-643.1146945
-643.2826423
-714.1159123
-882.5370703
-1099.250879
-1245.202639
-1304.415038
-1333.716636
-1364.370057
-1330.225244
-1211.939749
-1068.860368
-984.5146553
-971.9126825
-972.674628
-961.4009341
-934.7141034
-914.6326646
-886.8360244
-841.3217718
-788.4296851
-752.1024334
-717.7485688
-691.8106362
-589.6971822
-332.2012858
123.410945
612.1512765
838.9053636
868.7886966
789.7175466
604.9817095
388.1002468
250.7883821
188.1712138
178.3297853
198.6249849
258.7293123
367.3295548
463.950958
523.4711959
523.5336858
371.67648
-221.316482
-978.4919796
-1455.224728
-1625.854616
-1625.083547
-1616.346729
-1589.632038
-1556.584968
-1529.339554
-1539.195697
-1539.332057
-1535.069596
-1476.022987
-1371.41072
-1079.876057
-635.262447
-297.8927435
-128.991188
-46.78240585
-22.74293119
-33.51157495
-71.14478767
-79.74110677
-75.58159246
-66.22866449
10.62713399
210.5204388
558.5169624
987.1466881
1414.928042
1910.159282
2361.773138
2599.114217
2494.167428
1820.959564
488.1844948
-196.343759
-323.6884305
-365.6460544
-249.6326617
172.3476251
1009.36544
1579.080362
1753.868724
1771.284482
1744.27549
1716.138343
1685.67818
1662.999338
1651.784504
1702.376824
1870.966224
2050.008218
2238.192185
2314.608445
2368.258553
2413.341557
2351.327411
2044.542066
1077.741394
96.09590901
-189.4281738
-145.7387841
112.8380802
653.5879875
1166.905796
1411.20219
1471.592774
1403.512102
1153.268864
776.982844
394.6050858
-43.02228756
-579.542323
-1093.539476
-1369.899975
-1389.525933
-1166.405484
-679.101734
160.2681348
1214.708141
2102.064196
2485.681746
2612.240045
2612.426436
2486.868761
2267.476125
1871.866786
1568.127457
1329.698445
963.4187605
421.2446321
-78.5473823
-317.6670301
-259.8024322
115.3761328
650.0048717
1169.434823
1724.994844
2117.820095
2255.230256
2221.292435
2094.379994
1828.497596
1419.301356
832.3503954
215.4852983
-321.7295624
-710.7628418
-981.0899716
-1133.42316
-1203.630648
-1225.861172
-1127.555778
-860.0174449
-554.3188554
-441.4939207
-422.5870375
-475.4795166
-600.7728114
-906.686535
-1114.237672
-1235.649626
-1326.090314
-1306.424134
-1268.737898
-1211.332508
-1162.396122
-1177.666425
-1425.295288
-1835.953223
-2120.03422
-2190.958822
-2155.106082
-2071.810043
-1972.955287
-1877.187749
-1809.733939
-1778.358499
-1775.693113
-1805.552901
-1841.500799
-1846.234142
-1857.262584
-1845.91041
-1695.770746
-1245.39884
-511.0180413
7.680223568
151.4502855
183.6746855
194.8104503
198.6177254
226.9381234
293.5715206
326.3945291
349.4226086
328.8101524
198.5543526
-76.67115397
-442.5171075
-780.8993049
-965.7085211
-963.3094767
-828.9883978
-392.8732219
131.1779433
660.8161204
1179.347865
1613.369383
1779.6495
1713.229668
1543.46012
1353.780123
1202.250376
1080.61181
1030.399139
1056.217193
1123.657269
1111.843042
993.7606146
464.633246
-213.1546298
-859.4164821
-1247.750306
-1277.107821
-1271.562207
-1198.997368
-1020.65581
-865.1458377
-822.7509804
-821.8147105
-813.8023633
-695.4551629
-575.9685267
-598.2937171
-764.693419
-961.8126614
-1105.46848
-1209.654991
-1333.748028
-1454.709701
-1503.259572
-1531.646874
-1521.88785
-1498.372212
-1385.841284
-1181.412878
-913.7798781
-636.8299928
-368.8420662
-179.8612301
-100.1474246
-122.5915127
-178.8171479
-215.0958398
-101.5789051
83.37884486
199.8467268
226.3876823
259.3019241
350.1716049
447.3845533
505.9178034
640.8345477
894.8300269
1266.380546
1655.400484
2049.967016
2345.551262
2472.007537
2412.648968
2140.191883
1532.330634
950.094769
555.234328
232.1579457
52.68959777
-8.402699397
-47.39499357
-188.1545368
-363.0512998
-383.1452955
-75.66956887
507.4072612
717.9154375
659.7198489
570.2055227
418.3572441
249.2173047
36.24981118
-132.5292758
-133.9871453
43.44260838
253.2593341
320.0003473
261.3636013
64.7319178
-233.120016
-494.7872379
-612.1638333
-614.5649379
-277.0959568
191.8482117
618.4214594
880.3602232
829.2514049
653.3240975
585.9906561
702.6529828
955.8378587
1220.380304
1415.947305
1533.756032
1497.875824
1382.192931
1193.892225
1058.737391
1031.147644
1064.023039
1059.306373
1027.665082
787.8865033
425.0615211
75.2436269
-272.8037715
-609.9451955
-848.4173711
-913.4849884
-820.572858
-733.2474453
-685.330911
-618.0695734
-402.7680171
-203.8228327
-184.9388068
-308.9941731
-395.6157157
-294.4690408
21.48670698
284.9922513
289.9018802
35.50821167
-441.2329737
-899.6495016
-1339.648765
-1654.394955
-1863.536103
-1989.728487
-2028.070034
-2078.058055
-2139.194203
-2177.717235
-2154.155489
-1976.19358
-1462.406656
-881.4677763
-669.8498887
-650.8627594
-644.0377208
-607.7041908
-376.3048552
116.9072833
293.069541
259.6385064
250.1150212
258.8270202
306.1339589
371.3053663
496.1800669
703.7416025
962.9672046
1126.935783
1336.206423
1466.135451
1269.074382
751.8109773
410.6121222
407.1835145
595.7039656
902.7378973
1285.911348
1556.991103
1785.101918
2102.394794
2280.391038
2258.766775
2064.57416
1907.365384
1883.360224
1903.167669
1884.968089
1782.367861
1458.248182
940.0939274
421.572974
-94.04169719
-568.7375489
-781.6194597
-788.9004687
-662.2890974
-503.0090295
-369.5813505
-149.9224704
267.466425
692.1955821
899.6501883
1045.144604
1139.221873
1083.756908
756.122194
187.4722487
-335.8884861
-867.8482084
-1353.454429
-1685.614415
-1889.087324
-2056.978249
-2171.109194
-2192.759944
-2126.067393
-2056.582905
-1978.037867
-1813.133117
-1358.563496
-866.0137316
-714.8723642
-747.5908958
-888.4466362
-1227.328753
-1582.992605
-1773.685979
-1778.027901
-1688.890967
-1353.972399
-816.7733328
-268.6502021
129.6360998
266.260281
243.4959934
186.2246083
162.6612932
227.0036544
340.3622551
599.9108035
1009.819644
1461.588499
1815.367843
2041.294944
2156.610941
1984.119109
984.5931356
-156.2252226
-1242.900224
-1768.692671
-1684.276326
-1328.702727
-1021.969374
-1047.767808
-1278.609737
-1583.413455
-1803.898929
-1939.349045
-1979.450512
-1965.316212
-1883.334718
-1832.395123
-1850.776188
-1961.672764
-2016.25875
-2078.715328
-1899.596816
-1526.961601
-1234.616629
-934.0849858
-648.78725
-553.7252501
-530.1143563
-402.7345649
-177.1545429
-21.65249659
12.93707384
-23.02149699
-107.1171612
-213.0554503
-306.2259771
-348.8766801
-321.7678216
-213.3735898
41.68292328
305.9553182
422.0282578
497.1169254
600.4395645
790.0009586
1084.002159
1418.199689
1821.565824
2224.934902
2621.126957
2915.184761
2991.722666
2952.347141
2575.031558
1982.626021
1420.990644
850.6208034
278.7831849
-255.2031928
-598.1098771
-729.097898
-692.8970978
-552.6079851
-229.2987125
244.7695323
620.5172756
847.5359394
998.9265798
980.8179392
800.0466321
608.416988
557.6166954
656.062373
884.5897223
1119.193702
1256.915823
1275.376349
1116.067244
658.0739209
155.8162422
-318.9077055
-671.0924279
-807.0769947
-745.0637323
-523.1894516
-294.564983
-144.7010785
-30.15601275
44.01574995
156.2268903
341.6713064
589.1708738
873.6768415
1023.826414
883.5464249
477.2575857
207.8452419
185.1795451
228.7044205
339.0280902
439.0644652
579.6001041
687.673842
698.7520218
644.1830075
606.0863196
632.6259016
749.7154554
882.9066143
989.1469545
1098.301268
1253.484272
1446.416297
1787.141425
2159.037944
2529.209859
2851.120318
3065.667777
3144.350155
3123.063357
2984.13264
2742.109232
2503.095542
2393.880406
2399.27985
2486.579365
2532.200939
2425.548185
2034.21406
1599.78052
966.9247695
-117.3316654
-1207.5321
-2004.555376
-2540.154917
-2741.393099
-2835.321255
-2967.503648
-3180.367704
-3354.161329
-3559.43536
-3825.715065
-4019.368127
-4080.225669
-4123.032744
-4032.855946
-3797.645608
-3624.049165
-3477.979684
-3243.406998
-2873.871755
-2538.5549
-2203.866868
-1866.753795
-1503.114383
-1158.692833
-839.1836743
-581.5143365
-352.2953796
-200.2239227
-164.1802792
-196.3762302
-250.3967654
-232.5572142
-210.5541854
-190.4547941
-156.9279155
-95.83223485
-13.19328256
50.12328243
140.1883636
297.0405456
476.7628656
529.4823938
464.218772
317.800839
177.224979
85.07779602
51.96282122
104.2425262
217.5022418
345.1081546
498.1462925
696.2027857
956.7692235
1223.568566
1497.31469
1700.690479
1733.244104
1563.811041
1114.492733
511.7355474
139.7830129
66.55677097
37.76233241
57.28920012
227.450894
482.885015
608.8614808
310.2783069
-200.3850035
-689.4862462
-1093.356028
-1230.847613
-1205.000129
-1125.491746
-1093.556153
-1149.668581
-1388.695023
-1664.881884
-1797.377217
-1828.488767
-1797.638164
-1702.272838
-1545.875351
-1315.882971
-1028.834438
-794.3506306
-702.8136712
-758.5660703
-955.5839749
-1187.913008
-1267.628383
-1235.83896
-1038.906402
-674.1195108
-271.0344334
118.2450779
529.3628094
939.6369759
1327.793336
1712.4017
2036.358534
2216.765104
2314.968473
2380.674135
2405.070715
2409.76776
2407.805753
2340.761021
2179.60861
1963.92613
1721.172854
1462.275202
1264.808978
1117.169892
928.021108
676.6243074
473.1771011
422.539655
528.0886819
748.5084285
847.0271909
754.0714059
437.7465849
45.80727842
-329.7742828
-734.1461428
-1090.215836
-1344.174135
-1574.739421
-1732.541705
-1800.666522
-1824.021276
-1786.250674
-1787.225791
-1871.099641
-1969.462914
-2028.015098
-2114.310064
-2188.610299
-2255.171396
-1929.703818
-1399.119168
-1024.421883
-661.2391292
-343.133198
-146.7382307
-9.005284809
76.90003193
163.8114219
320.9504493
670.5946666
1125.825287
1549.225478
1830.16334
1924.84883
1845.873132
1588.541162
1332.291238
1211.526746
1207.582131
1246.652563
1318.915253
1282.588688
1096.470715
619.2393221
111.1974497
-401.6654671
-924.0239105
-1443.099523
-1760.890749
-1936.909289
-1995.609604
-1905.17284
-1710.403396
-1422.562212
-1144.382933
-982.0415451
-886.6999592
-837.4776109
-762.7020797
-567.6297015
-191.6650583
224.4881649
685.6960405
1154.566732
1488.397367
1685.383879
1773.274939
1762.479974
1700.765035
1633.197428
1595.772139
1583.474278
1577.181139
1534.169035
1435.604656
1262.961748
1113.417553
1045.79501
1019.396202
965.9718225
883.3794581
794.6361027
639.9509577
365.7385631
-81.42479351
-445.2139846
-634.8672988
-749.3185413
-763.7563643
-664.6516485
-416.285953
-46.32803439
272.7830724
421.7766304
414.8672255
229.4162367
-123.8153147
-416.4045563
-551.8737038
-580.7808401
-494.6279229
-217.1059163
117.7813575
316.4020259
363.1089828
300.7412838
134.2031623
-31.77203967
-98.03570637
-105.4205154
-92.16118188
-73.29661916
-77.18045182
-165.364743
-292.9407352
-453.378878
-670.792437
-947.9505894
-1219.942777
-1461.414861
-1584.012849
-1606.761342
-1541.400993
-1416.356383
-1231.987539
-1064.036773
-899.6291948
-738.0625055
-597.8181266
-478.9316684
-391.8956518
-268.1856969
-133.4733937
-78.95776555
-75.38796196
-60.68356102
-23.48457976
55.05477793
129.9280465
155.1803556
92.36641765
-81.55007749
-328.9877141
-603.5875071
-854.1259294
-1012.064181
-1060.936801
-1040.268035
-957.8720678
-857.3543143
-792.9873299
-774.2898909
-748.4686979
-666.0554647
-523.9135304
-383.7491033
-272.0904838
-132.9153988
-11.04175518
49.80853722
43.09528404
-25.52497904
-190.7881391
-326.3585262
-351.9644871
-304.7253358
-155.037031
119.653603
423.0933335
775.5793221
1173.929782
1525.295857
1827.711812
2040.231536
2240.140458
2366.187655
2448.499746
2495.026787
2534.699555
2520.761456
2403.328452
1972.542285
1312.448477
667.8768942
39.28154408
-503.9810079
-926.3053326
-1226.832365
-1425.78579
-1537.834064
-1588.787393
-1629.580468
-1647.296413
-1624.043683
-1546.936797
-1315.43269
-916.3101808
-437.2152733
45.23295965
542.4416481
1015.912658
1346.207756
1517.678363
1607.076244
1615.716924
1534.050333
1352.045708
1158.754636
999.1679067
840.3066292
655.0220186
459.931688
296.8260982
175.0535274
102.0621475
79.81790955
59.46195642
64.08590728
122.0167426
220.0641328
322.2773549
408.2194543
478.3461074
534.487082
571.6666295
612.1720738
670.2060911
780.2759752
917.8425085
1046.310037
1117.723178
1121.139033
1036.857086
853.5697004
656.764183
464.4079095
283.3113997
123.1160553
34.96097841
22.41014533
41.66765886
88.71788852
121.7760044
113.2337189
38.8609682
-86.35502352
-242.3203586
-385.9726461
-473.8594872
-473.8423196
-422.9369615
-357.8220599
-270.901115
-184.9306645
-80.8046913
22.11265597
107.9485618
172.380783
188.9986904
154.8098305
62.84462375
-24.78459597
-75.24179242
-115.8111098
-143.7709889
-171.8798825
-198.6130166
-221.9997511
-223.0669849
-219.1659258
-220.4163131
-216.4945548
-227.4832671
-270.7889863
-354.3869775
-423.7788588
-472.617929
-474.9948027
-471.0289974
-474.0252768
-505.6874637
-540.6876136
-596.2181096
-658.4303196
-718.6139121
-782.3221526
-865.3252632
-939.4257658
-983.0725799
-1030.797426
-1094.596998
-1200.013688
-1296.082393
-1340.377651
-1351.017616
-1341.287041
-1318.845602
-1259.360484
-1160.099592
-960.2771945
-675.6559587
-422.3514985
-241.6676969
-77.60784568
131.7410394
388.4700852
675.9257347
938.265729
1210.713494
1496.438653
1675.368813
1770.546767
1811.038674
1770.206359
1637.158721
1460.243543
1278.149647
1121.002673
995.6892678
867.2880553
723.2414044
571.5890322
417.9407099
270.619665
126.6675828
13.91371201
-44.67056988
-57.62034771
-35.96329926
-55.45932421
-121.0436851
-212.3235235
-289.5225261
-334.6749846
-300.185349
-219.1747549
-98.39751033
37.84647309
134.2405385
158.4978156
103.0232368
-64.41448464
-268.2657468
-416.714063
-499.1318088
-541.5180332
-512.0195479
-428.8482933
-260.789518
12.6101838
274.4130099
502.7406269
661.3144703
738.2620416
768.7547741
735.5146428
642.0975899
482.3391846
285.7043618
25.19839312
-235.1946425
-474.8433358
-647.3029914
-691.0615419
-684.1466434
-644.9896868
-561.4129833
-488.7235563
-434.9007914
-395.3199431
-351.5520732
-233.1683794
14.87453641
324.5787894
587.0929118
805.4679525
979.7032248
1094.807914
1137.805304
1119.575313
1024.602388
893.9825379
747.3769389
633.3487051
491.3484278
300.8667542
86.96161732
-115.0378827
-233.2839417
-281.152603
-310.1432227
-363.2513264
-453.8723228
-560.4018628
-656.2006945
-746.5248391
-820.7635651
-877.0256937
-903.7173313
-902.1764689
-855.6548236
-805.3549409
-715.7764571
-662.8386556
-682.0551436
-743.0522824
-824.5587739
-880.7659663
-868.3565645
-812.389718
-737.8779787
-637.8832964
-560.8466499
-503.1518636
-444.0093122
-405.9254754
-382.3011419
-375.9839689
-370.9393539
-366.2003215
-362.8469567
-345.0242787
-298.9344713
-267.829004
-225.8503866
-199.2432133
-150.8432404
-102.337221
-49.98665805
19.30831972
92.10288083
169.3077891
218.7425247
236.4116756
249.9637504
277.4982664
306.3352609
352.7034772
404.8037959
454.7265808
521.174372
600.0200873
669.0483106
728.8693242
781.4148223
775.6588815
716.243513
604.5911719
389.4216587
172.3353625
21.17829905
-84.10396351
-169.9054165
-231.5208819
-290.2792723
-391.4728392
-513.1463287
-574.6183714
-589.6793279
-560.8911874
-504.5663728
-446.2524751
-385.3701137
-322.7293032
-248.7320022
-177.610121
-109.2847869
-53.89923412
-18.48300135
-18.89516022
-48.96842532
-111.7972353
-191.5164363
-282.4889262
-362.9972465
-439.1448094
-519.5417858
-593.6279657
-689.9811625
-804.2070686
-894.5077672
-922.9793378
-879.2599295
-723.2744642
-449.980387
-168.2069068
-9.622866823
39.12478951
49.64076598
42.92184259
62.33267719
121.3574101
209.2133496
315.3167416
441.7836111
545.4011399
603.3923855
634.3704204
645.3377468
666.7851352
664.2721963
596.4675789
453.6677835
313.6265704
221.6250077
177.1027459
190.134104
236.5846265
286.3917511
313.2382892
310.0062746
306.7063745
281.9517286
245.8831677
166.8111348
72.0166056
-26.37705919
-133.2833733
-238.0491669
-288.7813779
-288.8945857
-241.3769274
-143.7148755
-3.472524323
115.1497171
156.2519059
197.7823027
222.6654601
239.6049405
273.838338
315.3649089
325.466892
323.108265
344.8834066
392.8349628
441.7877313
490.5064323
540.01749
586.6080017
590.0558371
553.182657
485.3720555
441.6774665
439.305694
431.764719
431.4407916
442.495133
440.8692176
419.43625
361.8818454
242.3556748
119.6074958
-42.84670752
-211.1863441
-295.4669177
-325.3996933
-331.5190959
-316.3211912
-248.7840935
-150.5216674
-28.40645162
63.03891152
99.18437335
80.67802411
42.27547891
-23.44990128
-83.84411527
-77.33025108
-1.427690899
144.0266385
339.0484951
496.3660652
568.3083598
580.5837565
557.5992335
506.2413384
446.3356642
425.8775199
430.9663782
472.6650172
499.9468266
507.3721413
512.7334243
483.8659206
414.2697943
297.5331076
135.9817219
-70.9579359
-261.5921752
-377.4280063
-447.256238
-457.0884451
-442.396346
-406.789151
-352.0424769
-315.8418729
-298.2303069
-268.2065923
-210.3499404
-133.9664461
-36.04134791
43.03187196
97.22956663
126.9571751
126.9539378
124.0404551
103.5115804
66.92796313
23.41154404
8.578438351
10.60217725
23.77736029
29.73470112
2.85236325
-84.45085621
-176.3671894
-199.5013154
-188.9757349
-153.3052652
-131.1816711
-144.3482115
-188.6857502
-293.5542549
-444.9276297
-609.2022814
-724.3244324
-796.9290025
-815.9060275
-801.933004
-748.1122011
-656.7059114
-558.5031303
-427.9479281
-270.9543835
-140.4619655
-88.81094652
-123.6860184
-237.4504603
-362.1455391
-440.4467974
-519.4347583
-583.8515777
-606.545135
-602.1931085
-561.3085064
-493.286891
-396.6934463
-298.0833525
-202.9582741
-134.9111526
-121.7017424
-162.3748401
-213.6253154
-261.2781559
-300.0697868
-304.895638
-279.0125436
-196.9536489
-86.02391517
85.11614345
243.2244516
378.5644009
518.0175023
620.2378857
690.2209198
727.2046591
732.191493
691.2158537
646.0929235
599.8319308
564.2106095
532.4353129
498.4213659
468.7023511
459.7016426
440.6159225
384.2036023
311.2336083
214.1501523
120.8645539
51.38521608
16.47604448
-11.58168977
-41.22274428
-67.70179842
-99.1720127
-142.3592266
-170.4829333
-206.5457064
-230.6323869
-226.1406655
-220.5014642
-202.5982458
-208.8870678
-246.6510973
-282.626561
-302.6960316
-318.3669762
-284.8950338
-219.8789193
-110.5812813
-27.21940778
16.55135613
26.05221945
29.25951276
30.13918854
58.38614858
82.97139481
109.8469019
121.8382981
92.92640396
25.94380874
-66.18573577
-117.5270814
-135.3782085
-112.4679475
-84.56430928
-34.93785615
-8.821961715
29.02771141
75.05313561
53.71864116
-0.552363028
-81.95751773
-151.4838358
-178.1218125
-145.5007927
-82.20218004
26.22030462
94.95317711
119.0650989
110.1205039
40.11176747
-80.62364708
-208.799366
-275.0550768
-280.9019566
-265.9132019
-203.9823438
-135.09823
-101.5491807
-97.76451773
-119.0577414
-133.5846395
-131.0857289
-110.9615183
-45.21281964
55.92717466
205.0729256
368.2225624
494.5596451
578.0864155
607.2501823
582.1978018
551.6291396
511.0205919
484.7233178
521.3868574
570.9269528
619.4730953
654.2264247
674.867428
677.6399405
671.8768384
650.7602445
601.6827904
566.1962589
520.722718
469.8600335
394.3069588
296.2951791
184.8452191
91.83806871
72.21928096
67.305522
73.76444018
71.60863562
59.13163287
23.91351379
-9.315128923
-32.08227227
-12.08316902
14.99265906
59.08942029
126.9437353
191.6538749
250.8768686
277.117637
274.2008188
249.0428823
166.7020472
50.58771898
-43.76736963
-121.4191152
-147.8915966
-184.0402075
-225.3938275
-282.7690027
-349.8219752
-368.2214833
-361.4427481
-327.4698072
-242.7954587
-110.8059311
57.55366889
196.0713343
303.6336749
364.2642127
388.3942536
411.9993595
391.3478594
353.7847394
302.435379
227.3051169
113.2143932
35.23499235
-15.30913083
-75.57664821
-114.1900013
-127.3582094
-138.9189449
-123.7456635
-116.0462564
-116.0977591
-135.6957593
-162.1216431
-192.6481221
-245.5067566
-275.843117
-290.1586089
-288.9191108
-289.1827065
-284.4545632
-289.9340572
-308.3628973
-347.1382435
-368.0604025
-394.8170807
-412.4530737
-430.2362172
-455.3003698
-477.2337473
-502.9229954
-518.6902746
-532.2264572
-575.5858372
-626.601264
-643.997794
-669.9903684
-664.1945008
-546.6029675
-380.3667989
-238.3834929
-127.6391688
-66.14818295
-64.26823662
-87.14822383
-109.7820576
-116.0750979
-94.69389784
-73.57574412
-72.13738677
-95.41554374
-162.7518398
-226.9128135
-274.1673666
-327.7988358
-369.1892434
-392.7024292
-413.9089812
-418.5279387
-412.2562843
-409.1719108
-404.4064894
-400.7900194
-395.6004121
-386.3631837
-355.3595445
-325.6923267
-281.7363983
-256.1242571
-240.5325776
-231.4118924
-240.5387579
-248.5873042
-244.6807515
-237.8863203
-206.1031756
-140.0786874
-56.81566966
30.47478989
119.049599
159.7010166
184.4431057
189.5541347
157.6806396
90.45217543
7.114811327
-62.16243382
-118.4390224
-155.8291914
-184.2057028
-200.1125788
-188.6215926
-161.7044222
-112.1817887
-37.83980227
39.3896703
96.53049362
117.1861826
112.066717
71.78502988
19.8311358
-27.37442597
-40.82712513
-65.55897254
-82.19429277
-95.10261339
-121.3021796
-147.0696137
-171.0830133
-196.6737686
-220.9758776
-245.6339927
-251.3664875
-242.5962169
-217.1137643
-167.1050435
-72.16828839
20.33284068
100.8877881
164.9381045
182.8823289
196.2277062
184.5434624
173.3326508
172.4137447
186.0618598
215.0254038
242.6104414
291.8859601
324.6280358
353.0853819
402.1989369
454.9759519
503.467943
553.20316
599.7477607
625.2240329
646.7813918
646.8366223
626.7676422
608.6836248
585.6147355
539.3094016
464.2339776
384.9001148
268.9457785
183.3402614
123.6613953
108.641739
116.3496808
152.8483137
188.8332932
211.8187971
237.2649526
256.3852041
255.3908588
264.5915938
275.3341723
294.2335999
342.1393432
392.0428024
452.9490022
528.5202254
585.0880347
608.1879237
594.6899022
535.0554755
451.2203756
366.8645591
281.0661766
200.9199448
124.6947845
38.79047328
-32.73420805
-96.31405479
-129.1400063
-134.7462459
-133.3652871
-144.2438327
-167.3956168
-207.371319
-238.8686973
-236.7996625
-209.8648341
-183.7189288
-143.9230445
-120.3998524
-121.6512207
-118.9241287
-116.7517942
-115.3647531
-101.0407265
-73.38672434
-67.30360904
-67.65188495
-66.11789937
-53.09716554
-25.83057149
3.588652591
58.73011789
130.2212685
183.5590252
235.4963992
288.3128505
336.6506278
357.7800729
347.3324822
318.3951311
288.7338973
237.5201116
158.173692
80.8164241
37.20202237
7.065006753
-7.83023374
-20.30341057
-11.58608467
10.61368443
59.86365779
99.74246632
123.1712858
145.40436
150.2843626
128.6395963
87.80255326
42.22015031
-43.61998365
-112.9197978
-162.5302311
-217.8850294
-270.9508519
-322.8515363
-353.4752327
-378.8226992
-385.4338789
-369.9428504
-337.5004713
-285.7627316
-269.5143682
-270.0192908
-272.7229368
-297.4063619
-321.7700779
-345.6029728
-368.5227495
-394.1131125
-415.1131631
-424.1312353
-388.0175482
-363.2347475
-316.1763951
-275.3826339
-248.1356501
-189.9324097
-126.4998312
-39.69131912
25.43108719
75.89859398
132.4339222
168.2856814
169.7396269
143.8858645
118.4223453
90.91557212
78.09288331
76.45217434
75.39302394
73.50082488
63.73794529
35.45894567
8.274303678
-38.9663378
-93.20606848
-147.2319698
-187.4230023
-215.3261795
-224.4178269
-244.1986863
-262.5980963
-261.7760153
-257.6933724
-253.7205039
-218.9242065
-204.0954536
-206.4173911
-201.9343025
-199.0276868
-178.7944867
-143.8706589
-107.0790983
-82.92586643
-31.31831568
-2.868681265
11.66877347
44.38056558
70.11194779
109.5258195
133.7637708
144.1958616
136.2773964
127.6986176
148.9982668
174.3015881
200.9239669
233.9380749
230.2369444
197.2771839
130.4382665
50.87231795
-38.92640114
-90.32602817
-101.8638867
-81.63640581
-42.9277188
10.48359353
61.27211415
89.70426806
91.17576372
92.0856446
79.79276642
67.25814933
72.20304535
91.56689968
129.9816093
156.3303862
185.1074413
237.9590126
268.3620813
284.8770815
273.4400505
245.3376315
200.2171538
136.7392529
47.79627312
-5.181106977
-19.95406537
-8.64810923
4.5151399
32.66518463
58.2122755
94.30027994
125.7770277
150.2259929
170.3720799
152.0407515
106.1925653
6.806339636
-112.6700342
-187.069841
-270.2087226
-336.9788717
-377.1747111
-390.3889283
-401.9563347
-410.4283802
-398.521939
-373.390882
-331.1676023
-289.4125556
-257.6824833
-227.3513221
-203.8176333
-190.3317763
-160.8282879
-146.9043146
-143.5519308
-122.6806859
-76.64962094
0.466469391
95.75451974
198.1722517
264.5300849
286.3298498
288.475599
276.7428936
232.9866976
196.9907309
182.9644389
131.8956455
64.5663342
1.537310208
-54.75269748
-106.8110881
-132.6746605
-141.8042728
-155.9618231
-141.809374
-113.3678221
-83.46002291
-66.90160356
-41.47374387
-13.22590093
18.09352329
54.08303496
69.95516379
50.09235138
21.82993072
-2.019768781
-12.49080547
-9.006033314
11.46238992
30.79557808
41.80315509
67.94640187
76.62714615
74.91789445
74.96301081
75.47940131
74.29702705
73.78636561
72.93570792
71.77704451
71.58332573
72.35018608
70.14429148
53.01792988
23.39102144
4.214287665
-7.533351626
-33.23753159
-77.7761859
-127.672621
-158.2249985
-184.049527
-200.9163151
-198.1629321
-163.4916147
-107.5790177
-42.4215994
44.13920925
102.0377205
153.7499542
208.3138673
262.2058911
306.9775239
334.5734507
344.7495977
343.3956165
340.024888
338.1846232
333.6307062
331.3417304
327.7085834
340.039603
344.4463695
338.7488965
335.4979486
333.0868378
329.0967036
326.0598106
317.5062437
291.0967427
260.6890632
219.4811223
162.6316669
127.474164
104.2221214
99.67575807
96.07069722
121.7687449
144.4091318
182.1928795
228.9096464
237.7293597
247.6166992
244.6063914
237.0828783
215.7320207
207.8015872
193.7873616
160.2896188
112.8078652
75.83714391
41.70756609
-15.7621387
-71.45406869
-126.8200308
-180.4816168
-231.5936724
-259.5748393
-295.9951882
-321.2127697
-319.2632212
-316.5410342
-315.8452083
-319.3009898
-341.5823294
-350.1945603
-363.8710264
-381.9634804
-388.5781918
-395.7505056
-391.0548336
-373.5083081
-365.2729787
-360.2240473
-354.6148647
-348.0773583
-339.4900448
-310.5948768
-288.7529288
-269.7273441
-238.0898785
-194.5211523
-181.515006
-178.4208224
-193.2933282
-212.6449984
-205.467191
-191.9241414
-151.338451
-113.2316588
-39.22377278
32.02304908
73.40911085
109.0481688
136.40012
158.7808352
175.9000355
172.419925
171.3372894
189.7705441
201.1210505
183.6877329
156.5259983
149.0112161
144.8270394
154.6926006
173.8760287
169.848224
163.5949144
161.6868623
144.195273
98.34875445
52.27738004
21.99297353
-0.722541458
-24.67789221
-38.9913534
-48.70199454
-68.04559115
-88.31839441
-103.4294704
-104.2679342
-101.1572698
-90.88555341
-80.29395137
-89.94814557
-99.7914184
-117.2916405
-124.6023739
-138.0178931
-141.6368155
-135.5888299
-131.171861
-126.8660399
-121.7103752
-126.3005894
-138.1676923
-137.1509801
-129.5099428
-125.3072251
-103.2202223
-62.4074591
-11.49334058
50.58643387
99.90256612
116.8038855
131.180592
141.5137977
138.5695114
147.1211164
150.1734111
129.2730304
108.8543225
72.35402181
35.20213853
5.272369745
-14.05299491
-20.43219673
-33.69800489
-36.27150117
-33.41551508
-30.85083801
-30.11707672
-13.99050498
-1.283723709
1.930304192
18.47231822
23.32991472
21.56379424
21.84453787
6.303931373
-15.83901995
-27.54948607
-51.04192367
-66.51694222
-71.90554618
-72.23888141
-53.6301252
-39.58149576
-17.48964687
7.025294744
28.70489254
49.27154563
64.135291
65.76276624
63.5349364
63.35263649
61.06820273
59.88249306
57.46615356
57.13323035
48.93011713
40.77133546
32.63957063
26.30489656
19.21869522
13.45346434
11.57774614
18.5806014
23.00414303
31.59366378
40.97526649
42.79542065
46.82471654
47.97488445
46.9261425
47.10404751
44.1200993
38.34744222
33.44331672
30.29313744
28.82490853
30.54997401
30.05833422
31.51993155
33.8307543
33.85163006
33.06497305
31.83076255
32.02736549
30.14918497
28.38460466
27.11097744
27.98781812
27.60713966
27.50468364
23.3982122
17.92200461
13.14764627
9.155179222
6.297812854
7.091338853
7.688946652
8.189500818
8.1054033
8.083247332
7.660240523
7.37199909
6.836628124
5.725538492
5.368559115
4.140197365
3.036537855
2.000734367
0.352419869
-1.257770277
-2.66035435
-3.743821862
-4.512468627
-5.045546007
-5.678837814
-6.322300667
-6.748649755
-7.299381276
-7.957052005
-8.550806422
-9.097851331
-9.647027962
-10.17491093
-10.53547882
-10.86940265
-11.14181755
-11.41618465
-11.72829096
-12.03320651
-12.30842708
-12.54114077
-12.74569964
-12.90974307
-13.06231857
-13.17277958
-13.24967065
-13.29421802
-13.31115014
-13.30165403
-13.27325397
-13.22474334
-13.16004615
-13.08251744
-12.98964582
-12.88353066
-12.76489789
-12.63479718
-12.49280672
-12.33927965
