  -.1219107E-02  -.1174382E-02  -.1200978E-02  -.1160988E-02  -.1187677E-02
  -.1130464E-02  -.1142031E-02  -.1086745E-02  -.1110704E-02  -.1058737E-02
  -.1117877E-02  -.1083785E-02  -.1103846E-02  -.1054804E-02  -.1022829E-02
  -.9210969E-03  -.9857138E-03  -.1016127E-02  -.1052384E-02  -.9796386E-03
  -.9052866E-03  -.7784561E-03  -.8150074E-03  -.8270079E-03  -.9953287E-03
  -.7569791E-03  -.6789728E-03  -.6281026E-03  -.6604477E-03  -.5554428E-03
  -.7983640E-03  -.8538866E-03  -.6053459E-03  -.2852234E-03  -.9234265E-04
   .8304891E-04   .3811512E-04   .7049374E-04  -.7523362E-03  -.6814194E-03
  -.2601149E-03  -.1916987E-03  -.6974825E-03  -.9492605E-03  -.1258791E-02
  -.7975182E-03  -.7634738E-03  -.7832481E-03  -.1349468E-02  -.1555210E-02
  -.1578003E-02  -.1175610E-02   .2309789E-03   .2451741E-02   .2370209E-02
   .1141321E-02   .6727348E-04  -.5350975E-03  -.6291217E-03   .1383487E-03
   .6619764E-03   .1517668E-02   .8724106E-03  -.1289447E-02  -.2767579E-02
  -.2993438E-02  -.2231119E-02  -.1865167E-02  -.3219370E-02  -.5534245E-02
  -.7117089E-02  -.6481396E-02  -.4088392E-02   .1712113E-03   .3331770E-02
   .5064138E-02   .5883161E-02   .3271375E-02  -.1122788E-04  -.4188931E-03
   .5383687E-03   .4035635E-03  -.1620996E-02  -.5642262E-03   .3320310E-02
   .5680233E-02   .6897299E-02   .5080778E-02   .4721946E-03  -.5254278E-02
  -.9525796E-02  -.9509969E-02  -.5640830E-02  -.1256832E-03   .2964400E-02
   .3104301E-02  -.1035481E-03  -.2973894E-02  -.2380835E-02   .1157173E-02
   .2036925E-02   .1119554E-02  -.2003659E-02  -.5980692E-02  -.6790262E-02
  -.1805724E-02   .3154397E-02   .3858838E-02   .2274483E-02   .2063201E-02
   .3335414E-02   .5722463E-02   .8232666E-02   .8898266E-02   .8676141E-02
   .1026555E-01   .1342520E-01   .1062249E-01   .6346129E-02   .1936840E-02
  -.2901379E-02  -.6739013E-02  -.6100366E-02   .7414104E-02   .1695056E-01
   .1610792E-01   .1009278E-01   .5195767E-02   .6260434E-02   .9850090E-02
   .9991447E-02   .7516519E-02   .2483968E-02   .3603054E-03   .5419866E-02
   .8973843E-02   .3321118E-02  -.8855380E-02  -.1728109E-01  -.1583340E-01
  -.1037284E-01  -.8477104E-02  -.4897821E-02   .1179190E-02   .8196213E-02
   .1766607E-01   .2299349E-01   .2198298E-01   .1955127E-01   .1817202E-01
   .1350393E-01   .6253530E-02   .2349658E-02   .4174408E-02   .6756058E-02
   .8577078E-02   .7728674E-02   .8556597E-02   .1104177E-01   .7045024E-02
   .1721373E-02  -.2507514E-02  -.9757295E-02  -.1704335E-01  -.1921470E-01
  -.1692342E-01  -.1220289E-01  -.6055204E-02   .2051150E-02   .1145717E-01
   .2220358E-01   .2949720E-01   .3580761E-01   .3795667E-01   .3391960E-01
   .2824837E-01   .2100582E-01   .1379641E-01   .1517216E-01   .2327298E-01
   .2709262E-01   .1802005E-01  -.3943648E-02  -.1910813E-01  -.2517486E-01
  -.2624388E-01  -.2633834E-01  -.2115012E-01  -.7891588E-02   .7615548E-02
   .1823481E-01   .1772945E-01   .1405127E-01   .1932202E-01   .2995333E-01
   .3904561E-01   .3961506E-01   .2904302E-01   .9590289E-02  -.2115808E-01
  -.3925407E-01  -.4127234E-01  -.3897635E-01  -.4512371E-01  -.5561209E-01
  -.5464043E-01  -.3235432E-01  -.1112865E-04   .2061106E-01   .3313131E-01
   .3968034E-01   .3377750E-01   .2553367E-01   .2823118E-01   .3588467E-01
   .3168865E-01   .1145935E-01  -.7010227E-02  -.1566683E-01  -.2227095E-01
  -.2826078E-01  -.2301701E-01  -.6732583E-02   .3274097E-02   .3312005E-02
   .4243468E-02   .1211710E-01   .2181860E-01   .2749923E-01   .3034566E-01
   .2355673E-01   .9041253E-02  -.1233568E-01  -.2703882E-01  -.3505011E-01
  -.4567590E-01  -.5554757E-01  -.5450862E-01  -.4820460E-01  -.4172218E-01
  -.2968630E-01  -.1148222E-01   .2788840E-02  -.2371345E-02  -.2421594E-01
  -.3794205E-01  -.4321063E-01  -.4286044E-01  -.3704172E-01  -.2543614E-01
  -.6017916E-02   .1044106E-01   .1519969E-01   .7968020E-02  -.6642855E-02
  -.1572954E-01  -.1726184E-01  -.1628450E-01  -.1634194E-01  -.1935922E-01
  -.2094905E-01  -.1900478E-01  -.8867166E-02   .7013199E-02   .1514308E-01
   .2316486E-01   .2576760E-01   .1065606E-01  -.2661084E-01  -.5820499E-01
  -.6555681E-01  -.6557393E-01  -.7279442E-01  -.8996267E-01  -.1120537E+00
  -.1269315E+00  -.1329674E+00  -.1359543E+00  -.1390790E+00  -.1355984E+00
  -.1235408E+00  -.1089558E+00  -.1003579E+00  -.9907330E-01  -.9915097E-01
  -.9800177E-01  -.9528141E-01  -.9323438E-01  -.9040089E-01  -.8576133E-01
  -.8036970E-01  -.7666663E-01  -.7316472E-01  -.7052070E-01  -.6011162E-01
  -.3386341E-01   .1258007E-01   .6240051E-01   .8551501E-01   .8856121E-01
   .8050098E-01   .6166967E-01   .3956155E-01   .2556447E-01   .1918150E-01
   .1817830E-01   .2024712E-01   .2637394E-01   .3744426E-01   .4729350E-01
   .5336078E-01   .5336715E-01   .3788737E-01  -.2256021E-01  -.9974397E-01
  -.1483404E+00  -.1657338E+00  -.1656552E+00  -.1647646E+00  -.1620414E+00
  -.1586727E+00  -.1558954E+00  -.1569001E+00  -.1569140E+00  -.1564795E+00
  -.1504605E+00  -.1397967E+00  -.1100787E+00  -.6475638E-01  -.3036612E-01
  -.1314890E-01  -.4768831E-02  -.2318333E-02  -.3416050E-02  -.7252245E-02
  -.8128523E-02  -.7704517E-02  -.6751113E-02   .1083292E-02   .2145970E-01
   .5693322E-01   .1006262E+00   .1442327E+00   .1947148E+00   .2407507E+00
   .2649444E+00   .2542465E+00   .1856221E+00   .4976378E-01  -.2001458E-01
  -.3299564E-01  -.3727265E-01  -.2544666E-01   .1756850E-01   .1028911E+00
   .1609658E+00   .1787831E+00   .1805584E+00   .1778052E+00   .1749370E+00
   .1718320E+00   .1695202E+00   .1683770E+00   .1735342E+00   .1907196E+00
   .2089705E+00   .2281533E+00   .2359429E+00   .2414118E+00   .2460074E+00
   .2396859E+00   .2084133E+00   .1098611E+00   .9795673E-02  -.1930963E-01
  -.1485609E-01   .1150231E-01   .6662442E-01   .1189502E+00   .1438529E+00
   .1500089E+00   .1430690E+00   .1175601E+00   .7920285E-01   .4022463E-01
  -.4385538E-02  -.5907647E-01  -.1114715E+00  -.1396427E+00  -.1416433E+00
  -.1188992E+00  -.6922520E-01   .1633716E-01   .1238230E+00   .2142769E+00
   .2533815E+00   .2662824E+00   .2663014E+00   .2535025E+00   .2311384E+00
   .1908114E+00   .1598493E+00   .1355447E+00   .9820746E-01   .4294017E-01
  -.8006839E-02  -.3238184E-01  -.2648333E-01   .1176103E-01   .6625917E-01
   .1192080E+00   .1758398E+00   .2158830E+00   .2298901E+00   .2264306E+00
   .2134936E+00   .1863905E+00   .1446785E+00   .8484682E-01   .2196580E-01
  -.3279596E-01  -.7245262E-01  -.1000088E+00  -.1155371E+00  -.1226938E+00
  -.1249599E+00  -.1149390E+00  -.8766710E-01  -.5650528E-01  -.4500431E-01
  -.4307701E-01  -.4846868E-01  -.6124063E-01  -.9242438E-01  -.1135814E+00
  -.1259577E+00  -.1351769E+00  -.1331722E+00  -.1293306E+00  -.1234789E+00
  -.1184905E+00  -.1200471E+00  -.1452895E+00  -.1871505E+00  -.2161087E+00
  -.2233385E+00  -.2196838E+00  -.2111929E+00  -.2011160E+00  -.1913538E+00
  -.1844778E+00  -.1812795E+00  -.1810078E+00  -.1840516E+00  -.1877160E+00
  -.1881985E+00  -.1893227E+00  -.1881655E+00  -.1728608E+00  -.1269515E+00
  -.5209135E-01   .7828945E-03   .1543830E-01   .1872314E-01   .1985828E-01
   .2024638E-01   .2313326E-01   .2992563E-01   .3327149E-01   .3561889E-01
   .3351773E-01   .2023992E-01  -.7815583E-02  -.4510861E-01  -.7960208E-01
  -.9844087E-01  -.9819632E-01  -.8450411E-01  -.4004809E-01   .1337181E-01
   .6736123E-01   .1202185E+00   .1644611E+00   .1814111E+00   .1746405E+00
   .1573348E+00   .1379995E+00   .1225531E+00   .1101537E+00   .1050352E+00
   .1076670E+00   .1145416E+00   .1133373E+00   .1013004E+00   .4736305E-01
  -.2172822E-01  -.8760584E-01  -.1271912E+00  -.1301838E+00  -.1296185E+00
  -.1222215E+00  -.1040420E+00  -.8818987E-01  -.8386829E-01  -.8377285E-01
  -.8295610E-01  -.7089221E-01  -.5871217E-01  -.6098792E-01  -.7795011E-01
  -.9804374E-01  -.1126875E+00  -.1233079E+00  -.1359575E+00  -.1482879E+00
  -.1532369E+00  -.1561306E+00  -.1551358E+00  -.1527387E+00  -.1412677E+00
  -.1204290E+00  -.9314745E-01  -.6491617E-01  -.3759844E-01  -.1833441E-01
  -.1020867E-01  -.1249654E-01  -.1822798E-01  -.2192610E-01  -.1035459E-01
   .8499341E-02   .2037166E-01   .2307715E-01   .2643231E-01   .3569524E-01
   .4560478E-01   .5157145E-01   .6532438E-01   .9121577E-01   .1290903E+00
   .1687456E+00   .2089663E+00   .2390971E+00   .2519876E+00   .2459368E+00
   .2181635E+00   .1562003E+00   .9684926E-01   .5659860E-01   .2366535E-01
   .5370989E-02  -.8565411E-03  -.4831276E-02  -.1917980E-01  -.3700815E-01
  -.3905646E-01  -.7713485E-02   .5172328E-01   .7318173E-01   .6724948E-01
   .5812471E-01   .4264584E-01   .2540432E-01   .3695176E-02  -.1350956E-01
  -.1365817E-01   .4428384E-02   .2581635E-01   .3261969E-01   .2664247E-01
   .6598540E-02  -.2376342E-01  -.5043684E-01  -.6240179E-01  -.6264655E-01
  -.2824617E-01   .1955632E-01   .6303967E-01   .8974077E-01   .8453092E-01
   .6659752E-01   .5973379E-01   .7162593E-01   .9743469E-01   .1244012E+00
   .1443366E+00   .1563456E+00   .1526881E+00   .1408958E+00   .1217011E+00
   .1079239E+00   .1051115E+00   .1084627E+00   .1079819E+00   .1047565E+00
   .8031433E-01   .4332925E-01   .7670066E-02  -.2780864E-01  -.6217563E-01
  -.8648463E-01  -.9311739E-01  -.8364626E-01  -.7474462E-01  -.6986018E-01
  -.6300380E-01  -.4105673E-01  -.2077697E-01  -.1885200E-01  -.3149776E-01
  -.4032765E-01  -.3001712E-01   .2190278E-02   .2905109E-01   .2955156E-01
   .3619580E-02  -.4497771E-01  -.9170705E-01  -.1365590E+00  -.1686431E+00
  -.1899622E+00  -.2028258E+00  -.2067342E+00  -.2118298E+00  -.2180618E+00
  -.2219887E+00  -.2195869E+00  -.2014461E+00  -.1490725E+00  -.8985367E-01
  -.6828210E-01  -.6634662E-01  -.6565090E-01  -.6194719E-01  -.3835917E-01
   .1191711E-01   .2987446E-01   .2646662E-01   .2549583E-01   .2638390E-01
   .3120620E-01   .3784954E-01   .5057882E-01   .7173690E-01   .9816143E-01
   .1148758E+00   .1362081E+00   .1494526E+00   .1293649E+00   .7663692E-01
   .4185633E-01   .4150683E-01   .6072393E-01   .9202187E-01   .1310812E+00
   .1587141E+00   .1819669E+00   .2143106E+00   .2324549E+00   .2302506E+00
   .2104553E+00   .1944300E+00   .1919830E+00   .1940021E+00   .1921469E+00
   .1816882E+00   .1486486E+00   .9582981E-01   .4297364E-01  -.9586274E-02
  -.5797507E-01  -.7967549E-01  -.8041769E-01  -.6751138E-01  -.5127494E-01
  -.3767380E-01  -.1528256E-01   .2726457E-01   .7055994E-01   .9170712E-01
   .1065383E+00   .1161282E+00   .1104743E+00   .7707639E-01   .1911025E-01
  -.3423927E-01  -.8846534E-01  -.1379663E+00  -.1718255E+00  -.1925668E+00
  -.2096810E+00  -.2213151E+00  -.2235221E+00  -.2167237E+00  -.2096407E+00
  -.2016341E+00  -.1848243E+00  -.1384871E+00  -.8827834E-01  -.7287153E-01
  -.7620674E-01  -.9056507E-01  -.1251095E+00  -.1613646E+00  -.1808032E+00
  -.1812458E+00  -.1721595E+00  -.1380191E+00  -.8325895E-01  -.2738524E-01
   .1321464E-01   .2714162E-01   .2482111E-01   .1898307E-01   .1658111E-01
   .2313994E-01   .3469531E-01   .6115276E-01   .1029374E+00   .1489891E+00
   .1850521E+00   .2080823E+00   .2198372E+00   .2022540E+00   .1003659E+00
  -.1592504E-01  -.1266968E+00  -.1802942E+00  -.1716891E+00  -.1354432E+00
  -.1041759E+00  -.1068057E+00  -.1303369E+00  -.1614075E+00  -.1838830E+00
  -.1976903E+00  -.2017781E+00  -.2003373E+00  -.1919804E+00  -.1867878E+00
  -.1886615E+00  -.1999659E+00  -.2055302E+00  -.2118968E+00  -.1936381E+00
  -.1556530E+00  -.1258524E+00  -.9521728E-01  -.6613505E-01  -.5644477E-01
  -.5403796E-01  -.4105332E-01  -.1805850E-01  -.2207178E-02   .1318759E-02
  -.2346729E-02  -.1091914E-01  -.2171811E-01  -.3121558E-01  -.3556324E-01
  -.3279986E-01  -.2175054E-01   .4249008E-02   .3118799E-01   .4302005E-01
   .5067432E-01   .6120666E-01   .8052987E-01   .1104993E+00   .1445662E+00
   .1856839E+00   .2268019E+00   .2671883E+00   .2971635E+00   .3049655E+00
   .3009517E+00   .2624895E+00   .2021018E+00   .1448507E+00   .8670924E-01
   .2841816E-01  -.2601450E-01  -.6096918E-01  -.7432163E-01  -.7063145E-01
  -.5633088E-01  -.2337389E-01   .2495093E-01   .6325331E-01   .8639478E-01
   .1018270E+00   .9998107E-01   .8155389E-01   .6201985E-01   .5684145E-01
   .6687665E-01   .9017191E-01   .1140866E+00   .1281255E+00   .1300073E+00
   .1137679E+00   .6708170E-01   .1588335E-01  -.3250831E-01  -.6840876E-01
  -.8227054E-01  -.7594913E-01  -.5333206E-01  -.3002690E-01  -.1475031E-01
  -.3073996E-02   .4486808E-02   .1592521E-01   .3482875E-01   .6005797E-01
   .8905949E-01   .1043652E+00   .9006556E-01   .4864993E-01   .2118700E-01
   .1887654E-01   .2331331E-01   .3455931E-01   .4475666E-01   .5908236E-01
   .7009901E-01   .7122828E-01   .6566571E-01   .6178227E-01   .6448762E-01
   .7642331E-01   .9000034E-01   .1008301E+00   .1119569E+00   .1277757E+00
   .1474425E+00   .1821748E+00   .2200846E+00   .2578186E+00   .2906330E+00
   .3125032E+00   .3205238E+00   .3183539E+00   .3041918E+00   .2795208E+00
   .2551566E+00   .2440236E+00   .2445740E+00   .2534730E+00   .2581235E+00
   .2472517E+00   .2073605E+00   .1630759E+00   .9856485E-01  -.1196037E-01
  -.1230915E+00  -.2043372E+00  -.2589343E+00  -.2794478E+00  -.2890225E+00
  -.3024967E+00  -.3241953E+00  -.3419112E+00  -.3628361E+00  -.3899797E+00
  -.4097200E+00  -.4159236E+00  -.4202872E+00  -.4110949E+00  -.3871184E+00
  -.3694226E+00  -.3545328E+00  -.3306213E+00  -.2929522E+00  -.2587712E+00
  -.2246543E+00  -.1902902E+00  -.1532221E+00  -.1181130E+00  -.8554338E-01
  -.5927749E-01  -.3591173E-01  -.2041011E-01  -.1673595E-01  -.2001789E-01
  -.2552455E-01  -.2370605E-01  -.2146314E-01  -.1941428E-01  -.1599667E-01
  -.9768795E-02  -.1344876E-02   .5109388E-02   .1429030E-01   .3027925E-01
   .4859950E-01   .5397354E-01   .4732080E-01   .3239548E-01   .1806568E-01
   .8672526E-02   .5296904E-02   .1062611E-01   .2217140E-01   .3517909E-01
   .5077925E-01   .7096842E-01   .9752963E-01   .1247262E+00   .1526309E+00
   .1733623E+00   .1766807E+00   .1594093E+00   .1136074E+00   .5216449E-01
   .1424898E-01   .6784559E-02   .3849357E-02   .5839856E-02   .2318553E-01
   .4922357E-01   .6206516E-01   .3162866E-01  -.2042653E-01  -.7028376E-01
  -.1114528E+00  -.1254682E+00  -.1228334E+00  -.1147286E+00  -.1114732E+00
  -.1171931E+00  -.1415586E+00  -.1697121E+00  -.1832182E+00  -.1863896E+00
  -.1832448E+00  -.1735236E+00  -.1575810E+00  -.1341364E+00  -.1048757E+00
  -.8097326E-01  -.7164231E-01  -.7732551E-01  -.9740881E-01  -.1210916E+00
  -.1292175E+00  -.1259770E+00  -.1059024E+00  -.6871733E-01  -.2762828E-01
   .1205348E-01   .5396135E-01   .9578323E-01   .1353505E+00   .1745561E+00
   .2075791E+00   .2259691E+00   .2359796E+00   .2426774E+00   .2451643E+00
   .2456431E+00   .2454431E+00   .2386088E+00   .2221815E+00   .2001956E+00
   .1754502E+00   .1490591E+00   .1289301E+00   .1138803E+00   .9459915E-01
   .6897266E-01   .4823398E-01   .4307218E-01   .5383147E-01   .7630027E-01
   .8634292E-01   .7686734E-01   .4462232E-01   .4669430E-02  -.3361601E-01
  -.7483623E-01  -.1111327E+00  -.1370203E+00  -.1605233E+00  -.1766091E+00
  -.1835535E+00  -.1859342E+00  -.1820840E+00  -.1821834E+00  -.1907332E+00
  -.2007600E+00  -.2067286E+00  -.2155252E+00  -.2230991E+00  -.2298841E+00
  -.1967071E+00  -.1426212E+00  -.1044259E+00  -.6740435E-01  -.3497777E-01
  -.1495797E-01  -.9179665E-03   .7838914E-02   .1669835E-01   .3271654E-01
   .6835802E-01   .1147626E+00   .1579225E+00   .1865603E+00   .1962122E+00
   .1881617E+00   .1619302E+00   .1358090E+00   .1234987E+00   .1230966E+00
   .1270793E+00   .1344455E+00   .1307425E+00   .1117703E+00   .6312304E-01
   .1133507E-01  -.4094434E-01  -.9419169E-01  -.1471044E+00  -.1794989E+00
  -.1974416E+00  -.2034253E+00  -.1942065E+00  -.1743524E+00  -.1450109E+00
  -.1166543E+00  -.1001058E+00  -.9038702E-01  -.8536947E-01  -.7774712E-01
  -.5786214E-01  -.1953765E-01   .2288352E-01   .6989740E-01   .1176924E+00
   .1517219E+00   .1718020E+00   .1807613E+00   .1796609E+00   .1733699E+00
   .1664823E+00   .1626673E+00   .1614137E+00   .1607722E+00   .1563877E+00
   .1463404E+00   .1287418E+00   .1134978E+00   .1066046E+00   .1039136E+00
   .9846771E-01   .9004854E-01   .8100236E-01   .6523431E-01   .3728208E-01
  -.8300152E-02  -.4538352E-01  -.6471610E-01  -.7638285E-01  -.7785459E-01
  -.6775221E-01  -.4243470E-01  -.4722514E-02   .2780653E-01   .4299440E-01
   .4229008E-01   .2338587E-01  -.1262129E-01  -.4244679E-01  -.5625603E-01
  -.5920272E-01  -.5042060E-01  -.2213100E-01   .1200621E-01   .3225289E-01
   .3701403E-01   .3065649E-01   .1368019E-01  -.3238728E-02  -.9993409E-02
  -.1074619E-01  -.9394581E-02  -.7471595E-02  -.7867499E-02  -.1685669E-01
  -.2986133E-01  -.4621582E-01  -.6837818E-01  -.9663069E-01  -.1243566E+00
  -.1489714E+00  -.1614686E+00  -.1637875E+00  -.1571249E+00  -.1443783E+00
  -.1255844E+00  -.1084641E+00  -.9170498E-01  -.7523545E-01  -.6093944E-01
  -.4882058E-01  -.3994844E-01  -.2733789E-01  -.1360580E-01  -.8048672E-02
  -.7684779E-02  -.6185865E-02  -.2393934E-02   .5612087E-02   .1324440E-01
   .1581853E-01   .9415502E-02  -.8312923E-02  -.3353583E-01  -.6152755E-01
  -.8706654E-01  -.1031662E+00  -.1081481E+00  -.1060412E+00  -.9764205E-01
  -.8739563E-01  -.8083429E-01  -.7892834E-01  -.7629622E-01  -.6789531E-01
  -.5340587E-01  -.3911801E-01  -.2773593E-01  -.1354892E-01  -.1125557E-02
   .5077304E-02   .4392979E-02  -.2601925E-02  -.1944826E-01  -.3326782E-01
  -.3587800E-01  -.3106261E-01  -.1580392E-01   .1219706E-01   .4312862E-01
   .7905978E-01   .1196662E+00   .1554832E+00   .1863104E+00   .2079739E+00
   .2283519E+00   .2412007E+00   .2495913E+00   .2543341E+00   .2583782E+00
   .2569574E+00   .2449867E+00   .2010739E+00   .1337863E+00   .6808098E-01
   .4004220E-02  -.5137402E-01  -.9442425E-01  -.1250589E+00  -.1453395E+00
  -.1567613E+00  -.1619553E+00  -.1661136E+00  -.1679195E+00  -.1655492E+00
  -.1576892E+00  -.1340905E+00  -.9340538E-01  -.4456816E-01   .4610886E-02
   .5529456E-01   .1035585E+00   .1372276E+00   .1547067E+00   .1638196E+00
   .1647004E+00   .1563756E+00   .1378227E+00   .1181193E+00   .1018516E+00
   .8565785E-01   .6677060E-01   .4688379E-01   .3025739E-01   .1784433E-01
   .1040385E-01   .8136352E-02   .6061339E-02   .6532688E-02   .1243795E-01
   .2243255E-01   .3285180E-01   .4161243E-01   .4876089E-01   .5448370E-01
   .5827365E-01   .6240263E-01   .6831841E-01   .7953854E-01   .9356158E-01
   .1066571E+00   .1139367E+00   .1142849E+00   .1056935E+00   .8700984E-01
   .6694819E-01   .4734008E-01   .2887975E-01   .1255001E-01   .3563797E-02
   .2284410E-02   .4247452E-02   .9043584E-02   .1241341E-01   .1154264E-01
   .3961348E-02  -.8802722E-02  -.2470127E-01  -.3934467E-01  -.4830354E-01
  -.4830179E-01  -.4311268E-01  -.3647510E-01  -.2761469E-01  -.1885117E-01
  -.8236941E-02   .2254085E-02   .1100389E-01   .1757188E-01   .1926585E-01
   .1578076E-01   .6406156E-02  -.2526453E-02  -.7669879E-02  -.1180537E-01
  -.1465550E-01  -.1752082E-01  -.2024590E-01  -.2262986E-01  -.2273865E-01
  -.2234099E-01  -.2246845E-01  -.2206868E-01  -.2318883E-01  -.2760326E-01
  -.3612494E-01  -.4319850E-01  -.4817698E-01  -.4841927E-01  -.4801501E-01
  -.4832044E-01  -.5154797E-01  -.5511576E-01  -.6077634E-01  -.6711803E-01
  -.7325293E-01  -.7974712E-01  -.8820816E-01  -.9576170E-01  -.1002109E+00
  -.1050758E+00  -.1115793E+00  -.1223251E+00  -.1321180E+00  -.1366333E+00
  -.1377179E+00  -.1367260E+00  -.1344384E+00  -.1283747E+00  -.1182564E+00
  -.9788722E-01  -.6887395E-01  -.4305300E-01  -.2463474E-01  -.7911066E-02
   .1342921E-01   .3959925E-01   .6890145E-01   .9564345E-01   .1234158E+00
   .1525416E+00   .1707811E+00   .1804832E+00   .1846108E+00   .1804485E+00
   .1668861E+00   .1488520E+00   .1302900E+00   .1142710E+00   .1014970E+00
   .8840824E-01   .7372464E-01   .5826574E-01   .4260338E-01   .2758600E-01
   .1291204E-01   .1418314E-02  -.4553558E-02  -.5873612E-02  -.3665970E-02
  -.5653325E-02  -.1233876E-01  -.2164350E-01  -.2951289E-01  -.3411557E-01
  -.3059982E-01  -.2234189E-01  -.1003029E-01   .3857934E-02   .1368400E-01
   .1615670E-01   .1050182E-01  -.6566182E-02  -.2734605E-01  -.4247834E-01
  -.5087971E-01  -.5520041E-01  -.5219344E-01  -.4371526E-01  -.2658395E-01
   .1285437E-02   .2797268E-01   .5124758E-01   .6741203E-01   .7525579E-01
   .7836411E-01   .7497573E-01   .6545313E-01   .4916793E-01   .2912368E-01
   .2568634E-02  -.2397490E-01  -.4840383E-01  -.6598375E-01  -.7044434E-01
  -.6973946E-01  -.6574794E-01  -.5722843E-01  -.4981873E-01  -.4433223E-01
  -.4029750E-01  -.3583596E-01  -.2376835E-01   .1516257E-02   .3308640E-01
   .5984615E-01   .8210652E-01   .9986744E-01   .1116008E+00   .1159838E+00
   .1141255E+00   .1044443E+00   .9112938E-01   .7618493E-01   .6456130E-01
   .5008630E-01   .3066928E-01   .8864556E-02  -.1172655E-01  -.2378013E-01
  -.2865969E-01  -.3161489E-01  -.3702854E-01  -.4626612E-01  -.5712536E-01
  -.6689075E-01  -.7609807E-01  -.8366570E-01  -.8940086E-01  -.9212171E-01
  -.9196464E-01  -.8722239E-01  -.8209500E-01  -.7296369E-01  -.6756740E-01
  -.6952626E-01  -.7574409E-01  -.8405257E-01  -.8978213E-01  -.8851716E-01
  -.8281210E-01  -.7521664E-01  -.6502354E-01  -.5717070E-01  -.5128950E-01
  -.4526072E-01  -.4137859E-01  -.3897041E-01  -.3832646E-01  -.3781223E-01
  -.3732915E-01  -.3698732E-01  -.3517054E-01  -.3047231E-01  -.2730153E-01
  -.2302238E-01  -.2031014E-01  -.1537642E-01  -.1043189E-01  -.5095461E-02
   .1968221E-02   .9388638E-02   .1725863E-01   .2229783E-01   .2409896E-01
   .2548041E-01   .2828718E-01   .3122672E-01   .3595333E-01   .4126425E-01
   .4635320E-01   .5312665E-01   .6116390E-01   .6820039E-01   .7429833E-01
   .7965463E-01   .7906789E-01   .7301130E-01   .6162986E-01   .3969625E-01
   .1756725E-01   .2158840E-02  -.8573257E-02  -.1731955E-01  -.2360041E-01
  -.2959003E-01  -.3990534E-01  -.5230830E-01  -.5857454E-01  -.6010980E-01
  -.5717524E-01  -.5143369E-01  -.4548938E-01  -.3928325E-01  -.3289787E-01
  -.2535485E-01  -.1810494E-01  -.1114010E-01  -.5494295E-02  -.1884091E-02
  -.1926105E-02  -.4991666E-02  -.1139621E-01  -.1952250E-01  -.2879591E-01
  -.3700264E-01  -.4476485E-01  -.5296023E-01  -.6051231E-01  -.7033421E-01
  -.8197799E-01  -.9118292E-01  -.9408521E-01  -.8962861E-01  -.7372801E-01
  -.4586939E-01  -.1714641E-01  -.9809206E-03   .3988241E-02   .5060202E-02
   .4375299E-02   .6353970E-02   .1237074E-01   .2132646E-01   .3214226E-01
   .4503384E-01   .5559624E-01   .6150766E-01   .6466545E-01   .6578342E-01
   .6796969E-01   .6771353E-01   .6080177E-01   .4624527E-01   .3196997E-01
   .2259166E-01   .1805322E-01   .1938159E-01   .2411659E-01   .2919375E-01
   .3193039E-01   .3160093E-01   .3126455E-01   .2874115E-01   .2506445E-01
   .1700413E-01   .7341115E-02  -.2688783E-02  -.1358643E-01  -.2426588E-01
  -.2943734E-01  -.2944888E-01  -.2460510E-01  -.1464978E-01  -.3539767E-03
   .1173795E-01   .1592776E-01   .2016122E-01   .2269772E-01   .2442447E-01
   .2791410E-01   .3214717E-01   .3317693E-01   .3293650E-01   .3515618E-01
   .4004419E-01   .4503426E-01   .5000047E-01   .5504745E-01   .5979672E-01
   .6014818E-01   .5638946E-01   .4947709E-01   .4502302E-01   .4478125E-01
   .4401255E-01   .4397953E-01   .4510637E-01   .4494063E-01   .4275583E-01
   .3688894E-01   .2470487E-01   .1219236E-01  -.4367640E-02  -.2152758E-01
  -.3011884E-01  -.3317008E-01  -.3379387E-01  -.3224465E-01  -.2536016E-01
  -.1534364E-01  -.2895652E-02   .6425961E-02   .1011050E-01   .8224029E-02
   .4309411E-02  -.2390399E-02  -.8546769E-02  -.7882769E-02  -.1455337E-03
   .1468156E-01   .3456139E-01   .5059778E-01   .5793132E-01   .5918263E-01
   .5683967E-01   .5160443E-01   .4549786E-01   .4341243E-01   .4393117E-01
   .4818178E-01   .5096279E-01   .5171970E-01   .5226621E-01   .4932356E-01
   .4222918E-01   .3032946E-01   .1386149E-01  -.7233198E-02  -.2666577E-01
  -.3847366E-01  -.4559170E-01  -.4659396E-01  -.4509630E-01  -.4146663E-01
  -.3588595E-01  -.3219579E-01  -.3040053E-01  -.2734002E-01  -.2144232E-01
  -.1365606E-01  -.3673926E-02   .4386515E-02   .9911234E-02   .1294156E-01
   .1294123E-01   .1264424E-01   .1055160E-01   .6822397E-02   .2386489E-02
   .8744553E-03   .1080748E-02   .2423779E-02   .3031049E-02   .2907597E-03
  -.8608618E-02  -.1797824E-01  -.2033645E-01  -.1926351E-01  -.1562739E-01
  -.1337219E-01  -.1471434E-01  -.1923395E-01  -.2992387E-01  -.4535433E-01
  -.6209990E-01  -.7383504E-01  -.8123609E-01  -.8317054E-01  -.8174618E-01
  -.7625988E-01  -.6694225E-01  -.5693181E-01  -.4362348E-01  -.2762012E-01
  -.1431819E-01  -.9053070E-02  -.1260811E-01  -.2420485E-01  -.3691582E-01
  -.4489757E-01  -.5294932E-01  -.5951574E-01  -.6182904E-01  -.6138541E-01
  -.5721778E-01  -.5028390E-01  -.4043751E-01  -.3038555E-01  -.2068884E-01
  -.1375236E-01  -.1240584E-01  -.1655191E-01  -.2177620E-01  -.2663376E-01
  -.3058804E-01  -.3107997E-01  -.2844154E-01  -.2007675E-01  -.8768970E-02
   .8676435E-02   .2479343E-01   .3858950E-01   .5280485E-01   .6322483E-01
   .7035865E-01   .7412864E-01   .7463698E-01   .7046007E-01   .6586040E-01
   .6114472E-01   .5751361E-01   .5427455E-01   .5080729E-01   .4777784E-01
   .4686034E-01   .4491481E-01   .3916434E-01   .3172604E-01   .2182970E-01
   .1232050E-01   .5238025E-02   .1679509E-02  -.1180596E-02  -.4202099E-02
  -.6901279E-02  -.1010924E-01  -.1451159E-01  -.1737842E-01  -.2105453E-01
  -.2350984E-01  -.2305197E-01  -.2247713E-01  -.2065214E-01  -.2129320E-01
  -.2514273E-01  -.2880994E-01  -.3085575E-01  -.3245319E-01  -.2904118E-01
  -.2241367E-01  -.1127226E-01  -.2774649E-02   .1687186E-02   .2655670E-02
   .2982610E-02   .3072281E-02   .5951675E-02   .8457807E-02   .1119740E-01
   .1241976E-01   .9472585E-02   .2644619E-02  -.6746737E-02  -.1198029E-01
  -.1379997E-01  -.1146458E-01  -.8620183E-02  -.3561440E-02  -.8992792E-03
   .2958981E-02   .7650648E-02   .5475886E-02  -.5630591E-04  -.8354456E-02
  -.1544172E-01  -.1815710E-01  -.1483183E-01  -.8379396E-02   .2672804E-02
   .9679187E-02   .1213707E-01   .1122529E-01   .4088850E-02  -.8218486E-02
  -.2128426E-01  -.2803813E-01  -.2863414E-01  -.2710624E-01  -.2079323E-01
  -.1377143E-01  -.1035156E-01  -.9965765E-02  -.1213632E-01  -.1361714E-01
  -.1336241E-01  -.1131102E-01  -.4608833E-02   .5701016E-02   .2090440E-01
   .3753529E-01   .5041364E-01   .5892806E-01   .6190091E-01   .5934716E-01
   .5623110E-01   .5209161E-01   .4941096E-01   .5314831E-01   .5819825E-01
   .6314687E-01   .6668950E-01   .6879357E-01   .6907619E-01   .6848872E-01
   .6633617E-01   .6133339E-01   .5771602E-01   .5308061E-01   .4789585E-01
   .4019424E-01   .3020327E-01   .1884246E-01   .9361644E-02   .7361775E-02
   .6860884E-02   .7519283E-02   .7299528E-02   .6027667E-02   .2437658E-02
  -.9495509E-03  -.3270352E-02  -.1231715E-02   .1528298E-02   .6023364E-02
   .1294019E-01   .1953651E-01   .2557349E-01   .2824838E-01   .2795105E-01
   .2538654E-01   .1699301E-01   .5156731E-02  -.4461489E-02  -.1237703E-01
  -.1507554E-01  -.1876040E-01  -.2297584E-01  -.2882446E-01  -.3565960E-01
  -.3753518E-01  -.3684418E-01  -.3338110E-01  -.2474970E-01  -.1129516E-01
   .5866815E-02   .1998681E-01   .3095133E-01   .3713179E-01   .3959152E-01
   .4199774E-01   .3989260E-01   .3606355E-01   .3082918E-01   .2317067E-01
   .1154067E-01   .3591729E-02  -.1560558E-02  -.7704013E-02  -.1164012E-01
  -.1298244E-01  -.1416090E-01  -.1261419E-01  -.1182934E-01  -.1183459E-01
  -.1383234E-01  -.1652610E-01  -.1963786E-01  -.2502608E-01  -.2811846E-01
  -.2957773E-01  -.2945138E-01  -.2947825E-01  -.2899628E-01  -.2955484E-01
  -.3143341E-01  -.3538603E-01  -.3751876E-01  -.4024624E-01  -.4204399E-01
  -.4385674E-01  -.4641169E-01  -.4864750E-01  -.5126617E-01  -.5287343E-01
  -.5425326E-01  -.5867316E-01  -.6387349E-01  -.6564683E-01  -.6829642E-01
  -.6770561E-01  -.5571875E-01  -.3877323E-01  -.2429996E-01  -.1301108E-01
  -.6742909E-02  -.6551274E-02  -.8883578E-02  -.1119079E-01  -.1183228E-01
  -.9652757E-02  -.7500048E-02  -.7353427E-02  -.9726319E-02  -.1659034E-01
  -.2313068E-01  -.2794764E-01  -.3341464E-01  -.3763383E-01  -.4003068E-01
  -.4219240E-01  -.4266324E-01  -.4202393E-01  -.4170952E-01  -.4122375E-01
  -.4085510E-01  -.4032609E-01  -.3938448E-01  -.3622408E-01  -.3319991E-01
  -.2871920E-01  -.2610839E-01  -.2451903E-01  -.2358930E-01  -.2451966E-01
  -.2534010E-01  -.2494188E-01  -.2424928E-01  -.2100942E-01  -.1427912E-01
  -.5791586E-02   .3106491E-02   .1213549E-01   .1627935E-01   .1880147E-01
   .1932247E-01   .1607340E-01   .9220371E-02   .7252584E-03  -.6336616E-02
  -.1207325E-01  -.1588467E-01  -.1877727E-01  -.2039876E-01  -.1922741E-01
  -.1648357E-01  -.1143541E-01  -.3857254E-02   .4015242E-02   .9839973E-02
   .1194554E-01   .1142368E-01   .7317509E-02   .2021515E-02  -.2790451E-02
  -.4161771E-02  -.6682847E-02  -.8378592E-02  -.9694420E-02  -.1236511E-01
  -.1499175E-01  -.1743959E-01  -.2004822E-01  -.2252549E-01  -.2503905E-01
  -.2562340E-01  -.2472939E-01  -.2213180E-01  -.1703409E-01  -.7356577E-02
   .2072657E-02   .1028414E-01   .1681320E-01   .1864237E-01   .2000275E-01
   .1881170E-01   .1766891E-01   .1757524E-01   .1896648E-01   .2191892E-01
   .2473084E-01   .2975381E-01   .3309142E-01   .3599226E-01   .4099872E-01
   .4637862E-01   .5132172E-01   .5639155E-01   .6113614E-01   .6373310E-01
   .6593058E-01   .6593621E-01   .6389045E-01   .6204703E-01   .5969547E-01
   .5497527E-01   .4732235E-01   .3923534E-01   .2741537E-01   .1868905E-01
   .1260560E-01   .1107455E-01   .1186027E-01   .1558081E-01   .1924899E-01
   .2159205E-01   .2418594E-01   .2613499E-01   .2603363E-01   .2697152E-01
   .2806658E-01   .2999312E-01   .3487646E-01   .3996344E-01   .4617200E-01
   .5387546E-01   .5964178E-01   .6199650E-01   .6062056E-01   .5454164E-01
   .4599579E-01   .3739686E-01   .2865088E-01   .2048106E-01   .1271094E-01
   .3954162E-02  -.3336808E-02  -.9817910E-02  -.1316407E-01  -.1373555E-01
  -.1359478E-01  -.1470370E-01  -.1706371E-01  -.2113869E-01  -.2434942E-01
  -.2413851E-01  -.2139287E-01  -.1872765E-01  -.1467100E-01  -.1227313E-01
  -.1240069E-01  -.1212270E-01  -.1190126E-01  -.1175987E-01  -.1029973E-01
  -.7480780E-02  -.6860689E-02  -.6896191E-02  -.6739822E-02  -.5412535E-02
  -.2633076E-02   .3658144E-03   .5986738E-02   .1327429E-01   .1871135E-01
   .2400566E-01   .2938958E-01   .3431696E-01   .3647082E-01   .3540583E-01
   .3245606E-01   .2943250E-01   .2421195E-01   .1612366E-01   .8238137E-02
   .3792241E-02   .7201815E-03  -.7981860E-03  -.2069657E-02  -.1181044E-02
   .1081921E-02   .6102287E-02   .1016739E-01   .1255564E-01   .1482200E-01
   .1531945E-01   .1311306E-01   .8950278E-02   .4303771E-02  -.4446465E-02
  -.1151064E-01  -.1656775E-01  -.2221042E-01  -.2761976E-01  -.3291033E-01
  -.3603200E-01  -.3861583E-01  -.3928975E-01  -.3771065E-01  -.3440359E-01
  -.2912963E-01  -.2747333E-01  -.2752480E-01  -.2780040E-01  -.3031654E-01
  -.3280009E-01  -.3522953E-01  -.3756589E-01  -.4017448E-01  -.4231515E-01
  -.4323442E-01  -.3955312E-01  -.3702685E-01  -.3222989E-01  -.2807152E-01
  -.2529406E-01  -.1936103E-01  -.1289494E-01  -.4045991E-02   .2592354E-02
   .7736831E-02   .1349984E-01   .1715444E-01   .1730265E-01   .1466721E-01
   .1207155E-01   .9267608E-02   .7960509E-02   .7793261E-02   .7685295E-02
   .7492411E-02   .6497218E-02   .3614558E-02   .8434529E-03  -.3972089E-02
  -.9501093E-02  -.1500830E-01  -.1910523E-01  -.2194958E-01  -.2287635E-01
  -.2489274E-01  -.2676831E-01  -.2668451E-01  -.2626834E-01  -.2586336E-01
  -.2231635E-01  -.2080476E-01  -.2104145E-01  -.2058446E-01  -.2028817E-01
  -.1822567E-01  -.1466566E-01  -.1091526E-01  -.8453166E-02  -.3192477E-02
  -.2924231E-03   .1189473E-02   .4523996E-02   .7146961E-02   .1116467E-01
   .1363540E-01   .1469881E-01   .1389163E-01   .1301714E-01   .1518835E-01
   .1776768E-01   .2048147E-01   .2384681E-01   .2346953E-01   .2010973E-01
   .1329641E-01   .5185742E-02  -.3968018E-02  -.9207512E-02  -.1038364E-01
  -.8321723E-02  -.4375898E-02   .1068660E-02   .6245860E-02   .9144132E-02
   .9294131E-02   .9386881E-02   .8133789E-02   .6856055E-02   .7360120E-02
   .9334002E-02   .1324986E-01   .1593576E-01   .1886919E-01   .2425669E-01
   .2735587E-01   .2903935E-01   .2787350E-01   .2500884E-01   .2040942E-01
   .1393871E-01   .4872181E-02  -.5281435E-03  -.2034046E-02  -.8815573E-03
   .4602572E-03   .3329772E-02   .5933951E-02   .9612633E-02   .1282126E-01
   .1531350E-01   .1736712E-01   .1549849E-01   .1082489E-01   .6938139E-03
  -.1148518E-01  -.1906923E-01  -.2754411E-01  -.3435042E-01  -.3844784E-01
  -.3979485E-01  -.4097399E-01  -.4183760E-01  -.4062390E-01  -.3806213E-01
  -.3375804E-01  -.2950168E-01  -.2626723E-01  -.2317538E-01  -.2077644E-01
  -.1940174E-01  -.1639426E-01  -.1497490E-01  -.1463317E-01  -.1250563E-01
  -.7813388E-02   .4755022E-04   .9760873E-02   .2020097E-01   .2696525E-01
   .2918744E-01   .2940617E-01   .2821018E-01   .2374983E-01   .2008053E-01
   .1865074E-01   .1344497E-01   .6581661E-02   .1567079E-03  -.5581294E-02
  -.1088794E-01  -.1352438E-01  -.1445502E-01  -.1589819E-01  -.1445554E-01
  -.1155631E-01  -.8507616E-02  -.6819710E-02  -.4227685E-02  -.1348201E-02
   .1844389E-02   .5513031E-02   .7130979E-02   .5106235E-02   .2225265E-02
  -.2058880E-03  -.1273268E-02  -.9180428E-03   .1168435E-02   .3139191E-02
   .4261264E-02   .6926213E-02   .7811097E-02   .7636862E-02   .7641461E-02
   .7694100E-02   .7573573E-02   .7521518E-02   .7434805E-02   .7316695E-02
   .7296948E-02   .7375119E-02   .7150258E-02   .5404458E-02   .2384397E-02
   .4295894E-03  -.7679229E-03  -.3388115E-02  -.7928226E-02  -.1301449E-01
  -.1612889E-01  -.1876135E-01  -.2048069E-01  -.2020002E-01  -.1666575E-01
  -.1096622E-01  -.4324306E-02   .4499393E-02   .1040136E-01   .1567272E-01
   .2123477E-01   .2672833E-01   .3129219E-01   .3410522E-01   .3514254E-01
   .3500452E-01   .3466092E-01   .3447333E-01   .3400912E-01   .3377579E-01
   .3340544E-01   .3466242E-01   .3511163E-01   .3453085E-01   .3419946E-01
   .3395368E-01   .3354694E-01   .3323737E-01   .3236545E-01   .2967336E-01
   .2657371E-01   .2237312E-01   .1657809E-01   .1299426E-01   .1062403E-01
   .1016059E-01   .9793103E-02   .1241267E-01   .1472055E-01   .1857209E-01
   .2333423E-01   .2423328E-01   .2524116E-01   .2493430E-01   .2416738E-01
   .2199095E-01   .2118255E-01   .1975399E-01   .1633935E-01   .1149923E-01
   .7730567E-02   .4251520E-02  -.1606736E-02  -.7283772E-02  -.1292758E-01
  -.1839765E-01  -.2360783E-01  -.2646013E-01  -.3017269E-01  -.3274328E-01
  -.3254455E-01  -.3226706E-01  -.3219613E-01  -.3254840E-01  -.3481968E-01
  -.3569758E-01  -.3709171E-01  -.3893599E-01  -.3961027E-01  -.4034139E-01
  -.3986273E-01  -.3807410E-01  -.3723462E-01  -.3671995E-01  -.3614817E-01
  -.3548176E-01  -.3460640E-01  -.3166093E-01  -.2943444E-01  -.2749504E-01
  -.2427003E-01  -.1982879E-01  -.1850299E-01  -.1818758E-01  -.1970363E-01
  -.2167627E-01  -.2094459E-01  -.1956406E-01  -.1542690E-01  -.1154243E-01
  -.3998331E-02   .3264315E-02   .7483062E-02   .1111598E-01   .1390414E-01
   .1618555E-01   .1793062E-01   .1757587E-01   .1746551E-01   .1934453E-01
   .2050156E-01   .1872447E-01   .1595570E-01   .1518967E-01   .1476315E-01
   .1576881E-01   .1772430E-01   .1731372E-01   .1667628E-01   .1648178E-01
   .1469875E-01   .1002532E-01   .5328969E-02   .2241885E-02  -.7365329E-04
  -.2515576E-02  -.3974639E-02  -.4964507E-02  -.6936324E-02  -.9002861E-02
  -.1054323E-01  -.1062870E-01  -.1031161E-01  -.9264548E-02  -.8184878E-02
  -.9168992E-02  -.1017238E-01  -.1195629E-01  -.1270152E-01  -.1406905E-01
  -.1443795E-01  -.1382144E-01  -.1337119E-01  -.1293227E-01  -.1240672E-01
  -.1287463E-01  -.1408432E-01  -.1398068E-01  -.1320178E-01  -.1277337E-01
  -.1052190E-01  -.6361593E-02  -.1171590E-02   .5156600E-02   .1018371E-01
   .1190657E-01   .1337208E-01   .1442541E-01   .1412528E-01   .1499700E-01
   .1530814E-01   .1317763E-01   .1109622E-01   .7375510E-02   .3588380E-02
   .5374465E-03  -.1432512E-02  -.2082785E-02  -.3435054E-02  -.3697387E-02
  -.3406258E-02  -.3144824E-02  -.3070027E-02  -.1426142E-02  -.1308582E-03
   .1967683E-03   .1883002E-02   .2378168E-02   .2198136E-02   .2226754E-02
   .6426002E-03  -.1614573E-02  -.2808296E-02  -.5203031E-02  -.6780499E-02
  -.7329794E-02  -.7363773E-02  -.5466863E-02  -.4034796E-02  -.1782832E-02
   .7161334E-03   .2926074E-02   .5022565E-02   .6537722E-02   .6703621E-02
   .6476524E-02   .6457941E-02   .6225074E-02   .6104207E-02   .5857894E-02
   .5823957E-02   .4987761E-02   .4156084E-02   .3327161E-02   .2681427E-02
   .1959085E-02   .1371398E-02   .1180194E-02   .1894040E-02   .2344960E-02
   .3220545E-02   .4176872E-02   .4362412E-02   .4773144E-02   .4890388E-02
   .4783483E-02   .4801618E-02   .4497445E-02   .3909001E-02   .3409092E-02
   .3087974E-02   .2938308E-02   .3114155E-02   .3064039E-02   .3213029E-02
   .3448586E-02   .3450714E-02   .3370525E-02   .3244714E-02   .3264755E-02
   .3073300E-02   .2893425E-02   .2763596E-02   .2852978E-02   .2814173E-02
   .2803729E-02   .2385130E-02   .1826905E-02   .1340224E-02   .9332462E-03
   .6419765E-03   .7228657E-03   .7837837E-03   .8348084E-03   .8262358E-03
   .8239773E-03   .7808575E-03   .7514752E-03   .6969014E-03   .5836409E-03
   .5472517E-03   .4220369E-03   .3095338E-03   .2039477E-03   .3592442E-04
  -.1282126E-03  -.2711870E-03  -.3816318E-03  -.4599849E-03  -.5143249E-03
  -.5788804E-03  -.6444727E-03  -.6879332E-03  -.7440728E-03  -.8111134E-03
  -.8716386E-03  -.9274024E-03  -.9833835E-03  -.1037194E-02  -.1073949E-02
  -.1107988E-02  -.1135757E-02  -.1163725E-02  -.1195540E-02  -.1226622E-02
  -.1254677E-02  -.1278399E-02  -.1299251E-02  -.1315973E-02  -.1331526E-02
  -.1342786E-02  -.1350624E-02  -.1355165E-02  -.1356891E-02  -.1355923E-02
  -.1353028E-02  -.1348083E-02  -.1341488E-02  -.1333585E-02  -.1324118E-02
  -.1313301E-02  -.1301208E-02  -.1287946E-02  -.1273472E-02  -.1257822E-02
